1.207589678474583206e-01 -2.988924426965462039e-02 1.163224441221764938e+00 -2.988924426965480080e-02 1.018029598094699617e-02 -5.146589085753741077e-01 -1.351974211280979402e-02 1.418065690981881177e-01 1.018029598094705168e-02 1.418065690981876736e-01
1.207589678474582928e-01 1.163224441221764938e+00 -2.988924426965454753e-02 -2.988924426965461345e-02 -5.146589085753742188e-01 1.018029598094694066e-02 1.418065690981886728e-01 -1.351974211280967952e-02 1.018029598094671861e-02 1.418065690981873961e-01
1.207589678474582096e-01 -2.988924426965433589e-02 -2.988924426965453365e-02 1.163224441221765382e+00 1.018029598094716270e-02 1.018029598094721822e-02 1.418065690981877847e-01 1.418065690981875071e-01 -5.146589085753742188e-01 -1.351974211280942972e-02
1.474136459715250091e-01 5.032626304818940688e-02 -2.322602706993268096e-02 5.032626304818940688e-02 -3.106380153867918659e-01 3.163324333116501741e-03 1.283814821077004842e+00 5.472887018274549820e-02 -3.106380153867916993e-01 5.472887018274541493e-02
1.474136459715248426e-01 -2.322602706993280586e-02 5.032626304818946239e-02 5.032626304818957341e-02 3.163324333116113163e-03 -3.106380153867918659e-01 5.472887018274540105e-02 1.283814821077005064e+00 -3.106380153867918104e-01 5.472887018274547044e-02
1.474136459715250091e-01 5.032626304818957341e-02 5.032626304818946239e-02 -2.322602706993287525e-02 -3.106380153867916438e-01 -3.106380153867918104e-01 5.472887018274537330e-02 5.472887018274541493e-02 3.163324333116335207e-03 1.283814821077005064e+00
1.163224441221764938e+00 -2.988924426965428038e-02 1.207589678474582651e-01 -2.988924426965476611e-02 1.418065690981875904e-01 -5.146589085753741077e-01 -1.351974211280954075e-02 1.018029598094699617e-02 1.418065690981883953e-01 1.018029598094710719e-02
-2.988924426965457182e-02 1.163224441221764938e+00 1.207589678474581679e-01 -2.988924426965455794e-02 1.418065690981875349e-01 1.018029598094694066e-02 1.418065690981888116e-01 1.018029598094688515e-02 -1.351974211280970728e-02 -5.146589085753743298e-01
-2.988924426965443304e-02 -2.988924426965433589e-02 1.207589678474581818e-01 1.163224441221765382e+00 -1.351974211280931870e-02 1.018029598094732924e-02 1.418065690981878679e-01 -5.146589085753743298e-01 1.418065690981876736e-01 1.018029598094727373e-02
-2.322602706993259769e-02 5.032626304818940688e-02 1.474136459715250091e-01 5.032626304818947627e-02 5.472887018274544962e-02 3.163324333116557252e-03 1.283814821077004842e+00 -3.106380153867917548e-01 5.472887018274550514e-02 -3.106380153867918104e-01
5.032626304818980933e-02 -2.322602706993270871e-02 1.474136459715248149e-01 5.032626304818954566e-02 5.472887018274574800e-02 -3.106380153867914773e-01 5.472887018274542881e-02 -3.106380153867918104e-01 1.283814821077005064e+00 3.163324333116196430e-03
5.032626304818961505e-02 5.032626304818965668e-02 1.474136459715248149e-01 -2.322602706993276422e-02 1.283814821077005064e+00 -3.106380153867916993e-01 5.472887018274542881e-02 3.163324333116113163e-03 5.472887018274535942e-02 -3.106380153867918104e-01
-2.988924426965447467e-02 1.207589678474580985e-01 1.163224441221764938e+00 -2.988924426965469672e-02 1.018029598094705168e-02 1.418065690981876736e-01 1.018029598094673943e-02 1.418065690981886173e-01 -1.351974211280965177e-02 -5.146589085753743298e-01
1.163224441221764938e+00 1.207589678474583761e-01 -2.988924426965440528e-02 -2.988924426965466896e-02 -5.146589085753742188e-01 1.418065690981876736e-01 1.018029598094699617e-02 -1.351974211280948523e-02 1.418065690981884508e-01 1.018029598094721822e-02
-2.988924426965453018e-02 1.207589678474584871e-01 -2.988924426965462386e-02 1.163224441221765382e+00 1.018029598094727373e-02 -1.351974211280948523e-02 -5.146589085753738857e-01 1.418065690981875904e-01 1.418065690981876459e-01 1.018029598094713495e-02
5.032626304818973995e-02 1.474136459715249536e-01 -2.322602706993276422e-02 5.032626304818957341e-02 -3.106380153867913663e-01 5.472887018274556759e-02 -3.106380153867915883e-01 5.472887018274547044e-02 1.283814821077005286e+00 3.163324333116175613e-03
-2.322602706993279198e-02 1.474136459715248981e-01 5.032626304818949708e-02 5.032626304818960117e-02 3.163324333116161735e-03 5.472887018274535248e-02 -3.106380153867916438e-01 1.283814821077005064e+00 5.472887018274552595e-02 -3.106380153867918104e-01
5.032626304818958729e-02 1.474136459715248426e-01 5.032626304818971219e-02 -2.322602706993269484e-02 -3.106380153867918104e-01 1.283814821077005508e+00 3.163324333116168674e-03 5.472887018274544269e-02 5.472887018274541493e-02 -3.106380153867916993e-01
-2.988924426965455794e-02 -2.988924426965465508e-02 1.163224441221764716e+00 1.207589678474582096e-01 -1.351974211280965177e-02 1.418065690981888394e-01 1.018029598094687127e-02 -5.146589085753742188e-01 1.018029598094682964e-02 1.418065690981877847e-01
-2.988924426965472447e-02 1.163224441221764938e+00 -2.988924426965463774e-02 1.207589678474584316e-01 1.418065690981887284e-01 -1.351974211280987381e-02 -5.146589085753736637e-01 1.018029598094694066e-02 1.018029598094671861e-02 1.418065690981873683e-01
1.163224441221765382e+00 -2.988924426965428038e-02 -2.988924426965444692e-02 1.207589678474581540e-01 1.418065690981875071e-01 1.418065690981876459e-01 1.018029598094705168e-02 1.018029598094713495e-02 -5.146589085753742188e-01 -1.351974211280948523e-02
5.032626304818954566e-02 5.032626304818968443e-02 -2.322602706993279198e-02 1.474136459715248981e-01 1.283814821077005064e+00 5.472887018274541493e-02 -3.106380153867915883e-01 3.163324333116120102e-03 -3.106380153867917548e-01 5.472887018274547044e-02
5.032626304818958729e-02 -2.322602706993270871e-02 5.032626304818971219e-02 1.474136459715248704e-01 5.472887018274538717e-02 1.283814821077005508e+00 3.163324333116168674e-03 -3.106380153867917548e-01 -3.106380153867917548e-01 5.472887018274549820e-02
-2.322602706993265320e-02 5.032626304818954566e-02 5.032626304818946933e-02 1.474136459715248426e-01 5.472887018274569249e-02 5.472887018274542187e-02 -3.106380153867916993e-01 -3.106380153867918104e-01 3.163324333116300513e-03 1.283814821077005064e+00
