-6.001059024707267042e-15 -6.890404735784672052e-03 -4.473418163675191295e-16 6.890404735783062229e-03 1.595945597898662527e-15 -7.047252322970776195e-02 2.058500281566672798e-15 7.047252322970620764e-02 5.598951532708706935e-02 -1.189163717296254363e-02 -6.788115250017678903e-02 -4.992686686413005948e-03 -5.509353634057703690e-15 4.992686686412672881e-03 6.788115250017234814e-02 1.688432385937826963e-02 -5.598951532708529299e-02 2.886579864025407005e-15 1.189163717296232159e-02 -1.688432385937871372e-02
-4.994839315270646618e-01 -2.885829374617729925e+00 -4.994839315270640512e-01 -4.925935267912798787e-01 3.285787061130526876e+00 -4.830136886226522819e+00 3.285787061130524656e+00 3.356259584360236303e+00 -3.828729582938795062e+00 -3.896610735438970075e+00 -2.495233141191980586e+00 1.412225559652713569e+00 -2.500225827878400420e+00 -2.495233141191986803e+00 1.412225559652717122e+00 -2.483341504019017876e+00 -2.483341504019016988e+00 -2.500225827878392426e+00 1.356236044325631163e+00 -3.828729582938789733e+00
-3.642919299551294898e-17 -6.890404735784283474e-03 -4.145989107584568956e-16 6.890404735784561030e-03 -4.385380947269368335e-15 -7.047252322969899119e-02 1.210836986231811352e-15 7.047252322970254390e-02 -1.688432385937455038e-02 -1.189163717296337630e-02 4.992686686411312857e-03 6.788115250017412450e-02 1.753791793668909160e-15 -6.788115250015813729e-02 -4.992686686412187158e-03 -5.598951532709284251e-02 1.688432385937488345e-02 -1.643130076445231680e-14 1.189163717296509715e-02 5.598951532708840162e-02
4.994839315270665492e-01 4.925935267912803228e-01 4.994839315270642732e-01 2.885829374617732590e+00 -3.285787061130526432e+00 -3.356259584360231418e+00 -3.285787061130529096e+00 4.830136886226522819e+00 2.483341504019016543e+00 -1.356236044325628942e+00 -1.412225559652720452e+00 2.495233141191983250e+00 2.500225827878400420e+00 -1.412225559652716678e+00 2.495233141191983250e+00 3.828729582938795062e+00 3.828729582938796394e+00 2.500225827878397311e+00 3.896610735438964745e+00 2.483341504019021428e+00
-3.642919299551294898e-16 -1.987925268926310496e-02 -3.035766082959412415e-16 1.987925268926302169e-02 2.553512956637860043e-15 -1.627541280976822824e+00 -3.851086116668511750e-16 1.627541280976821492e+00 -1.495757586159742747e-01 6.383024396024883362e-02 2.134060025762214707e-01 1.621250997406223915e+00 -1.484923295436146873e-15 -1.621250997406224803e+00 -2.134060025762223034e-01 -1.685081241366471971e+00 1.495757586159733032e-01 -8.465450562766818621e-16 -6.383024396024927771e-02 1.685081241366472415e+00
-8.914480728862327064e-02 -2.978884204112147716e-02 -8.914480728862227144e-02 -6.926555459936012404e-02 2.046177281836467632e-01 2.348773297584265674e+00 2.046177281836465411e-01 1.832159009160466479e+00 -1.859632899872413203e-01 2.744271258897901244e-02 4.625779053944463481e-02 -1.824861037567363231e-01 1.667508787945672033e+00 4.625779053944459318e-02 -1.824861037567374056e-01 -1.757245342080626660e-02 -1.757245342080460127e-02 1.667508787945670479e+00 -3.291034514076283252e-02 -1.859632899872418754e-01
3.835907286253714688e-16 -1.987925268926310496e-02 -1.826880660638074971e-16 1.987925268926252209e-02 -9.645062526431047445e-16 -1.627541280976821936e+00 4.791089400213444094e-16 1.627541280976822602e+00 1.685081241366471749e+00 6.383024396024861158e-02 -1.621250997406225469e+00 -2.134060025762216650e-01 -8.261620554339543787e-16 2.134060025762220258e-01 1.621250997406225469e+00 1.495757586159740526e-01 -1.685081241366472415e+00 -1.026956297778269800e-15 -6.383024396024861158e-02 -1.495757586159722763e-01
8.914480728862324288e-02 6.926555459936056813e-02 8.914480728862300696e-02 2.978884204112158818e-02 -2.046177281836454309e-01 -1.832159009160469587e+00 -2.046177281836467632e-01 -2.348773297584263009e+00 1.757245342080371309e-02 3.291034514076392192e-02 1.824861037567368227e-01 -4.625779053944571728e-02 -1.667508787945667592e+00 1.824861037567356570e-01 -4.625779053944324704e-02 1.859632899872433187e-01 1.859632899872434297e-01 -1.667508787945666926e+00 -2.744271258898001165e-02 1.757245342080149264e-02
4.338392381717756652e-01 -1.664865960312902349e-01 -8.176886097247439145e-02 -6.012958808424329060e-02 2.714998821912950056e-01 1.229663813494243030e+00 -1.757620779012201595e+00 -1.530842755584562953e+00 -2.987241936898772821e+00 -2.829231716172084798e-01 1.610321368883358417e+00 2.814942933656368051e-01 1.659862449322517586e+00 -4.478398788408213815e-01 -1.462080154085632744e+00 -4.108704626712317287e-01 5.338855004363858292e-01 5.464571647059398574e-01 1.658027427489541239e-01 -1.302622048309554637e-01
-6.353125876603400723e-02 9.489733558061881347e-01 -6.353125876603377131e-02 3.971025125246528953e-01 -1.454040929857983055e+00 1.258528337021988630e+00 -1.454040929857983500e+00 -5.637488422392875065e-02 2.166071317509054239e+00 -1.535457990833610786e-01 5.464183385373716506e-01 -1.079849622586855351e-01 -4.223099737847518798e-01 5.464183385373723167e-01 -1.079849622586852853e-01 1.569715676077379607e+00 1.569715676077379163e+00 -4.223099737847524349e-01 -1.404304741311092730e+00 2.166071317509053351e+00
1.115459951837478592e+00 -3.401670681791368889e-03 1.823760220644034258e-02 -3.673672564712254784e-02 2.886452352774740437e-02 7.680182572657784368e-02 3.035798491542118782e-01 -3.278747664152213970e-01 -2.737877050076362728e-01 1.253283810098904105e-02 2.833696137815419291e+00 2.552990505606850952e-02 2.296333522340010536e+00 -3.882616856707571396e-05 2.448994489126258500e+00 -9.014677324513611922e-02 5.777541277454378843e-02 -3.894792556243222292e-01 -4.060569280597825514e-02 -1.143951111352251027e-02
-1.823760220643979788e-02 3.673672564712193722e-02 -1.115459951837475927e+00 3.401670681790147643e-03 -3.035798491542194277e-01 3.278747664152211749e-01 -2.886452352774726560e-02 -7.680182572657756612e-02 9.014677324513575840e-02 4.060569280597697839e-02 -2.552990505606971688e-02 -2.833696137815408633e+00 3.894792556243216741e-01 -2.448994489126263829e+00 3.882616856876533462e-05 2.737877050076396035e-01 1.143951111352276007e-02 -2.296333522340007871e+00 -1.253283810098704265e-02 -5.777541277453823731e-02
4.059252933785728601e-16 -2.163927288823219719e-02 1.741228689011720121e-16 2.163927288823164208e-02 6.106226635438360972e-16 -2.267780234276348672e-01 1.704341837282157309e-15 2.267780234276313145e-01 1.156915506166844576e-01 -3.696941616959031895e-02 -1.526609667862539599e-01 4.954108043915950166e-02 4.544975507059234587e-16 -4.954108043915861348e-02 1.526609667862504072e-01 -1.257166426955602656e-02 -1.156915506166842356e-01 -2.220446049250313081e-15 3.696941616958998589e-02 1.257166426955491634e-02
1.823760220644026625e-02 -3.401670681791091333e-03 1.115459951837478147e+00 -3.673672564712232580e-02 3.035798491542167632e-01 7.680182572658006412e-02 2.886452352774704355e-02 -3.278747664152216190e-01 -1.143951111352198291e-02 1.253283810098915207e-02 -3.882616856738449473e-05 2.448994489126256724e+00 -3.894792556243211190e-01 2.833696137815418847e+00 2.552990505606906463e-02 5.777541277453956958e-02 -9.014677324513600820e-02 2.296333522340009203e+00 -4.060569280597794983e-02 -2.737877050076391594e-01
-1.115459951837478370e+00 3.673672564712338051e-02 -1.823760220644048136e-02 3.401670681791202355e-03 -2.886452352774657171e-02 3.278747664152232844e-01 -3.035798491542136546e-01 -7.680182572657962004e-02 -5.777541277454090185e-02 4.060569280597725594e-02 -2.448994489126257612e+00 3.882616856740184197e-05 -2.296333522340009203e+00 -2.552990505606902299e-02 -2.833696137815416183e+00 1.143951111352164984e-02 2.737877050076364949e-01 3.894792556243225068e-01 -1.253283810098815287e-02 9.014677324513578616e-02
8.176886097247540452e-02 6.012958808424267998e-02 -4.338392381717757207e-01 1.664865960312901239e-01 1.757620779012195822e+00 1.530842755584562953e+00 -2.714998821912946170e-01 -1.229663813494242364e+00 4.108704626712321728e-01 -1.658027427489521255e-01 -2.814942933656356949e-01 -1.610321368883357085e+00 -5.464571647059378590e-01 1.462080154085632966e+00 4.478398788408218811e-01 2.987241936898774597e+00 1.302622048309544645e-01 -1.659862449322516476e+00 2.829231716172071476e-01 -5.338855004363832757e-01
-4.338392381717767199e-01 6.012958808424234691e-02 8.176886097247440532e-02 1.664865960312903459e-01 -2.714998821912925075e-01 1.530842755584565396e+00 1.757620779012195378e+00 -1.229663813494243252e+00 -5.338855004363849410e-01 -1.658027427489510153e-01 1.462080154085633854e+00 4.478398788408208819e-01 -1.659862449322516698e+00 -2.814942933656361390e-01 -1.610321368883358417e+00 1.302622048309537983e-01 2.987241936898778150e+00 -5.464571647059394133e-01 2.829231716172051492e-01 4.108704626712302854e-01
6.371856167697309559e-16 -2.163927288823164208e-02 -1.815171277175231523e-15 2.163927288823097594e-02 -1.706967900361178181e-15 -2.267780234276313145e-01 3.381426465810260778e-16 2.267780234276308704e-01 1.257166426955580452e-02 -3.696941616959145693e-02 -4.954108043915955717e-02 1.526609667862504072e-01 7.715182659406849552e-16 -1.526609667862477426e-01 4.954108043915883552e-02 -1.156915506166857899e-01 -1.257166426955869110e-02 -7.993605777301127091e-15 3.696941616959181776e-02 1.156915506166855678e-01
6.353125876603378519e-02 -3.971025125246526732e-01 6.353125876603389621e-02 -9.489733558061876906e-01 1.454040929857983278e+00 5.637488422392840370e-02 1.454040929857984166e+00 -1.258528337021988630e+00 -1.569715676077378941e+00 1.404304741311090066e+00 1.079849622586861319e-01 -5.464183385373716506e-01 4.223099737847531565e-01 1.079849622586856739e-01 -5.464183385373725388e-01 -2.166071317509052907e+00 -2.166071317509052907e+00 4.223099737847531565e-01 1.535457990833635489e-01 -1.569715676077379607e+00
-8.176886097247397511e-02 -1.664865960312896798e-01 4.338392381717754986e-01 -6.012958808424417878e-02 -1.757620779012205148e+00 1.229663813494244362e+00 2.714998821912943394e-01 -1.530842755584557624e+00 -1.302622048309506897e-01 -2.829231716172100342e-01 -4.478398788408206044e-01 -1.462080154085631634e+00 5.464571647059405235e-01 1.610321368883359749e+00 2.814942933656345292e-01 5.338855004363842749e-01 -4.108704626712314512e-01 1.659862449322515143e+00 1.658027427489561223e-01 -2.987241936898774597e+00
-1.044195112320789320e-14 -8.109832250191573166e-16 -6.890404735783894896e-03 6.890404735784616541e-03 1.457167719820517959e-15 -2.081776591389417064e-15 -7.047252322970198879e-02 7.047252322970631866e-02 1.866996141020038635e-15 4.992686686411715313e-03 -6.788115250016790725e-02 -1.688432385937699287e-02 6.788115250017590085e-02 -1.189163717296326528e-02 -8.335779982937552290e-15 1.189163717296493061e-02 -5.598951532708973389e-02 5.598951532708795753e-02 1.688432385937460589e-02 -4.992686686415379049e-03
1.765081136806401219e-16 -7.008282842946300661e-15 -6.890404735783783874e-03 6.890404735783228762e-03 -4.501476277028903519e-15 4.538470294024321561e-16 -7.047252322970620764e-02 7.047252322970731786e-02 2.050009467735591784e-15 -6.788115250016613089e-02 4.992686686413241870e-03 5.598951532708529299e-02 -4.992686686414449238e-03 -1.189163717296254363e-02 -4.475586568020162304e-16 1.189163717296354283e-02 1.688432385937937985e-02 -1.688432385937538305e-02 -5.598951532708662526e-02 6.788115250017856539e-02
-4.994839315270653834e-01 -4.994839315270652169e-01 -2.885829374617717047e+00 -4.925935267912807669e-01 3.285787061130523767e+00 3.285787061130527320e+00 -4.830136886226524595e+00 3.356259584360228754e+00 -2.500225827878395535e+00 -2.495233141191984139e+00 -2.495233141191985027e+00 -3.828729582938794618e+00 1.412225559652718010e+00 -3.896610735438969630e+00 -2.500225827878396867e+00 1.356236044325628942e+00 -2.483341504019017432e+00 -3.828729582938800391e+00 -2.483341504019020984e+00 1.412225559652718676e+00
4.994839315270657165e-01 4.994839315270649949e-01 4.925935267912796567e-01 2.885829374617732590e+00 -3.285787061130525988e+00 -3.285787061130530429e+00 -3.356259584360230086e+00 4.830136886226522819e+00 2.500225827878394647e+00 -1.412225559652718232e+00 -1.412225559652720897e+00 2.483341504019019652e+00 2.495233141191983695e+00 -1.356236044325627388e+00 2.500225827878398199e+00 3.896610735438967410e+00 3.828729582938793286e+00 2.483341504019020540e+00 3.828729582938798170e+00 2.495233141191985915e+00
-4.475586568020162304e-16 -4.857225732735059864e-17 -1.987925268926288291e-02 1.987925268926296618e-02 1.665334536937734811e-15 -8.079474589361979042e-16 -1.627541280976822158e+00 1.627541280976821492e+00 -5.568462357885550773e-16 -1.621250997406223693e+00 2.134060025762221369e-01 1.685081241366471971e+00 -2.134060025762218593e-01 6.383024396024872260e-02 -1.030425744730223414e-15 -6.383024396024905567e-02 1.495757586159739416e-01 -1.495757586159731645e-01 -1.685081241366473304e+00 1.621250997406223693e+00
-3.491130995403324278e-17 3.074797361168890575e-16 -1.987925268926260536e-02 1.987925268926260536e-02 -9.992007221626408864e-16 -4.890836000082110502e-16 -1.627541280976821714e+00 1.627541280976822824e+00 -1.951563910473907981e-16 2.134060025762222756e-01 -1.621250997406225025e+00 -1.495757586159723318e-01 1.621250997406224359e+00 6.383024396024827851e-02 -6.218983661376853433e-16 -6.383024396024827851e-02 -1.685081241366471527e+00 1.685081241366472860e+00 1.495757586159739416e-01 -2.134060025762219703e-01
-8.914480728862242409e-02 -8.914480728862340941e-02 -2.978884204112169920e-02 -6.926555459936023507e-02 2.046177281836467632e-01 2.046177281836474293e-01 2.348773297584264785e+00 1.832159009160466923e+00 1.667508787945670257e+00 4.625779053944401031e-02 4.625779053944323316e-02 -1.859632899872420975e-01 -1.824861037567374611e-01 2.744271258897912347e-02 1.667508787945671811e+00 -3.291034514076270068e-02 -1.757245342080648864e-02 -1.859632899872427636e-01 -1.757245342080537842e-02 -1.824861037567358790e-01
8.914480728862340941e-02 8.914480728862340941e-02 6.926555459935990200e-02 2.978884204112164369e-02 -2.046177281836452089e-01 -2.046177281836469852e-01 -1.832159009160468699e+00 -2.348773297584262121e+00 -1.667508787945668036e+00 1.824861037567372668e-01 1.824861037567364619e-01 1.757245342080315798e-02 -4.625779053944246988e-02 3.291034514076342232e-02 -1.667508787945667814e+00 -2.744271258897978960e-02 1.859632899872435408e-01 1.757245342080449024e-02 1.859632899872429856e-01 -4.625779053944704955e-02
-3.833738881908743679e-16 -8.053453737222326936e-16 -2.163927288823175310e-02 2.163927288823108697e-02 -2.914335439641035919e-16 -8.805347943841024261e-16 -2.267780234276393081e-01 2.267780234276335349e-01 4.505510547980762226e-15 -1.526609667862544040e-01 -4.954108043915794735e-02 1.156915506166849017e-01 4.954108043915922410e-02 -3.696941616959084631e-02 4.007211229506424388e-16 3.696941616959037447e-02 -1.257166426955513838e-02 1.257166426955558247e-02 -1.156915506166822372e-01 1.526609667862504072e-01
1.823760220644029401e-02 1.115459951837479480e+00 -3.401670681791646444e-03 -3.673672564712227029e-02 3.035798491542149868e-01 2.886452352774551700e-02 7.680182572658064699e-02 -3.278747664152235619e-01 2.296333522340008759e+00 2.833696137815421068e+00 -3.882616856849124831e-05 -2.737877050076360508e-01 2.552990505606889116e-02 1.253283810098870799e-02 -3.894792556243215076e-01 -4.060569280597736697e-02 -9.014677324513700740e-02 -1.143951111352242700e-02 5.777541277454179003e-02 2.448994489126259388e+00
1.115459951837478814e+00 1.823760220644047442e-02 -3.401670681791590933e-03 -3.673672564712271438e-02 2.886452352774718233e-02 3.035798491542118782e-01 7.680182572658064699e-02 -3.278747664152220631e-01 -3.894792556243212300e-01 -3.882616856823450924e-05 2.833696137815418403e+00 -1.143951111352239924e-02 2.448994489126258944e+00 1.253283810098948514e-02 2.296333522340008759e+00 -4.060569280597794983e-02 5.777541277454201207e-02 -2.737877050076367169e-01 -9.014677324513581391e-02 2.552990505606870728e-02
-8.176886097247360041e-02 4.338392381717749435e-01 -1.664865960312889026e-01 -6.012958808424384571e-02 -1.757620779012203815e+00 2.714998821912942839e-01 1.229663813494243030e+00 -1.530842755584561177e+00 1.659862449322515809e+00 1.610321368883357529e+00 -4.478398788408229358e-01 -2.987241936898770156e+00 2.814942933656360835e-01 -2.829231716172078137e-01 5.464571647059421888e-01 1.658027427489539019e-01 -4.108704626712308405e-01 -1.302622048309552971e-01 5.338855004363856072e-01 -1.462080154085628525e+00
-1.115459951837477259e+00 -1.823760220644127586e-02 3.673672564712282540e-02 3.401670681791646444e-03 -2.886452352774615537e-02 -3.035798491542114341e-01 3.278747664152218411e-01 -7.680182572658275642e-02 3.894792556243210635e-01 -2.552990505606808624e-02 -2.448994489126261165e+00 9.014677324513667434e-02 -2.833696137815414406e+00 4.060569280597711717e-02 -2.296333522340008759e+00 -1.253283810098859696e-02 2.737877050076371610e-01 -5.777541277454312230e-02 1.143951111352159433e-02 3.882616856686060824e-05
-6.353125876603393785e-02 -6.353125876603357702e-02 9.489733558061869134e-01 3.971025125246537280e-01 -1.454040929857980835e+00 -1.454040929857983722e+00 1.258528337021989740e+00 -5.637488422392816778e-02 -4.223099737847525459e-01 5.464183385373730939e-01 5.464183385373732049e-01 2.166071317509052463e+00 -1.079849622586860902e-01 -1.535457990833608566e-01 -4.223099737847528790e-01 -1.404304741311090954e+00 1.569715676077379385e+00 2.166071317509055127e+00 1.569715676077380717e+00 -1.079849622586877556e-01
-1.443371247175639915e-15 8.492013515992713479e-16 -2.163927288823153106e-02 2.163927288823097594e-02 4.408366033326061029e-16 -6.533012656241912741e-16 -2.267780234276330908e-01 2.267780234276370877e-01 -1.358776372667458432e-15 -4.954108043915889104e-02 -1.526609667862495190e-01 1.257166426955513838e-02 1.526609667862521835e-01 -3.696941616959076304e-02 -4.593175069889793294e-15 3.696941616959195653e-02 -1.156915506166846797e-01 1.156915506166846797e-01 -1.257166426955835803e-02 4.954108043915811388e-02
6.353125876603418765e-02 6.353125876603414601e-02 -3.971025125246528398e-01 -9.489733558061881347e-01 1.454040929857981723e+00 1.454040929857983722e+00 5.637488422392827880e-02 -1.258528337021988408e+00 4.223099737847536006e-01 1.079849622586859931e-01 1.079849622586858959e-01 -1.569715676077379163e+00 -5.464183385373717616e-01 1.404304741311090510e+00 4.223099737847541557e-01 1.535457990833617725e-01 -2.166071317509052463e+00 -1.569715676077380495e+00 -2.166071317509054239e+00 -5.464183385373720947e-01
-4.338392381717766089e-01 8.176886097247490492e-02 6.012958808424229140e-02 1.664865960312902349e-01 -2.714998821912925075e-01 1.757620779012197154e+00 1.530842755584563841e+00 -1.229663813494243918e+00 -5.464571647059396353e-01 -2.814942933656361390e-01 1.462080154085634076e+00 4.108704626712303964e-01 -1.610321368883357529e+00 -1.658027427489507932e-01 -1.659862449322517808e+00 2.829231716172055933e-01 2.987241936898775041e+00 -5.338855004363837198e-01 1.302622048309544089e-01 4.478398788408208819e-01
4.338392381717754986e-01 -8.176886097247439145e-02 -1.664865960312899018e-01 -6.012958808424284651e-02 2.714998821912963933e-01 -1.757620779012198486e+00 1.229663813494242808e+00 -1.530842755584565396e+00 5.464571647059400794e-01 -4.478398788408231024e-01 1.610321368883357973e+00 -1.302622048309575176e-01 -1.462080154085630523e+00 -2.829231716172073696e-01 1.659862449322515809e+00 1.658027427489519035e-01 5.338855004363834977e-01 -2.987241936898778150e+00 -4.108704626712321728e-01 2.814942933656372492e-01
8.176886097247465512e-02 -4.338392381717758317e-01 6.012958808424223589e-02 1.664865960312901239e-01 1.757620779012194934e+00 -2.714998821912937288e-01 1.530842755584562731e+00 -1.229663813494242364e+00 -1.659862449322514699e+00 1.462080154085632522e+00 -2.814942933656351398e-01 -5.338855004363832757e-01 4.478398788408219922e-01 -1.658027427489512373e-01 -5.464571647059400794e-01 2.829231716172069255e-01 1.302622048309536318e-01 4.108704626712318397e-01 2.987241936898781702e+00 -1.610321368883357307e+00
-1.823760220644010319e-02 -1.115459951837477259e+00 3.673672564712276989e-02 3.401670681790258666e-03 -3.035798491542212041e-01 -2.886452352774568353e-02 3.278747664152216745e-01 -7.680182572657312523e-02 -2.296333522340005207e+00 -2.448994489126264718e+00 -2.552990505606720847e-02 -5.777541277454112389e-02 3.882616856748510870e-05 4.060569280597781106e-02 3.894792556243197867e-01 -1.253283810098726470e-02 1.143951111352259353e-02 9.014677324513653556e-02 2.737877050076413799e-01 -2.833696137815412186e+00
-2.885829374617731702e+00 -4.994839315270664937e-01 -4.994839315270642177e-01 -4.925935267912806559e-01 -4.830136886226524595e+00 3.285787061130529096e+00 3.285787061130528208e+00 3.356259584360231862e+00 1.412225559652716456e+00 -2.495233141191984139e+00 -3.896610735438963413e+00 -2.500225827878397755e+00 -3.828729582938796394e+00 -2.495233141191984583e+00 -3.828729582938796838e+00 -2.483341504019018764e+00 1.356236044325630496e+00 1.412225559652720230e+00 -2.483341504019019652e+00 -2.500225827878399532e+00
-6.890404735783728363e-03 -7.008282842946300661e-15 -5.490399801466594454e-16 6.890404735783950407e-03 -7.047252322970720684e-02 2.285715020033940448e-15 -5.836477134923967469e-15 7.047252322970753990e-02 6.788115250017678903e-02 -6.788115250016613089e-02 -1.189163717296137790e-02 -4.163336342344337027e-16 -1.688432385937849167e-02 4.992686686412117769e-03 5.598951532708484891e-02 1.688432385937749247e-02 1.189163717296470857e-02 -4.992686686411410002e-03 -5.598951532708751344e-02 8.881784197001252323e-16
-6.890404735784227963e-03 -5.689893001203927270e-16 2.249936348341918801e-15 6.890404735784783075e-03 -7.047252322970487537e-02 1.787036230799232683e-16 1.532118750120236368e-15 7.047252322970232186e-02 -4.992686686410507946e-03 4.992686686410785502e-03 -1.189163717296354283e-02 4.440892098500626162e-16 5.598951532708706935e-02 -6.788115250016524271e-02 -1.688432385937527203e-02 -5.598951532709151024e-02 1.189163717296437550e-02 6.788115250016790725e-02 1.688432385937582714e-02 -1.110223024625156540e-16
4.925935267912806004e-01 4.994839315270656610e-01 4.994839315270646063e-01 2.885829374617733922e+00 -3.356259584360227421e+00 -3.285787061130531317e+00 -3.285787061130531317e+00 4.830136886226523707e+00 2.495233141191979698e+00 -1.412225559652715567e+00 -1.356236044325633161e+00 2.500225827878396423e+00 2.483341504019020984e+00 -1.412225559652717344e+00 2.483341504019022761e+00 3.828729582938796838e+00 3.896610735438966522e+00 2.495233141191983695e+00 3.828729582938795950e+00 2.500225827878400864e+00
-2.978884204112197676e-02 -8.914480728862332615e-02 -8.914480728862275716e-02 -6.926555459935984649e-02 2.348773297584264785e+00 2.046177281836467632e-01 2.046177281836458750e-01 1.832159009160464924e+00 -1.824861037567377664e-01 4.625779053944473196e-02 2.744271258897923449e-02 1.667508787945669591e+00 -1.859632899872423195e-01 4.625779053944435726e-02 -1.859632899872428746e-01 -1.757245342080626660e-02 -3.291034514076332518e-02 -1.824861037567371558e-01 -1.757245342080560047e-02 1.667508787945671145e+00
-1.987925268926254985e-02 -4.770489558936219510e-18 2.905661822261151883e-16 1.987925268926279965e-02 -1.627541280976822602e+00 1.770502147668828741e-16 -6.227657278756737469e-16 1.627541280976822824e+00 -2.134060025762217205e-01 2.134060025762218038e-01 6.383024396024827851e-02 6.938893903907228378e-16 1.685081241366471527e+00 -1.621250997406224803e+00 -1.495757586159737751e-01 -1.685081241366471971e+00 -6.383024396024850056e-02 1.621250997406224359e+00 1.495757586159742192e-01 -8.326672684688674053e-17
-1.987925268926232780e-02 -1.227316859253591019e-16 -2.309350627394124444e-17 1.987925268926263311e-02 -1.627541280976822824e+00 -4.840149548518413170e-16 7.011535449463757175e-16 1.627541280976823268e+00 1.621250997406223693e+00 -1.621250997406224803e+00 6.383024396024805647e-02 -2.359223927328457648e-16 -1.495757586159733865e-01 2.134060025762221646e-01 1.685081241366473304e+00 1.495757586159742747e-01 -6.383024396024894465e-02 -2.134060025762216928e-01 -1.685081241366473082e+00 7.216449660063517513e-16
6.926555459936051262e-02 8.914480728862343717e-02 8.914480728862309022e-02 2.978884204112181022e-02 -1.832159009160467367e+00 -2.046177281836472073e-01 -2.046177281836458750e-01 -2.348773297584262565e+00 -4.625779053944430175e-02 1.824861037567367117e-01 3.291034514076291578e-02 -1.667508787945669591e+00 1.757245342080671069e-02 1.824861037567370725e-01 1.757245342080537842e-02 1.859632899872426526e-01 -2.744271258897867938e-02 -4.625779053944414909e-02 1.859632899872429856e-01 -1.667508787945671589e+00
3.673672564712260336e-02 -1.115459951837478147e+00 -1.823760220644055075e-02 3.401670681790536221e-03 3.278747664152228958e-01 -2.886452352774615537e-02 -3.035798491542176514e-01 -7.680182572657870410e-02 -2.833696137815412630e+00 -2.448994489126262941e+00 4.060569280597858821e-02 3.894792556243215076e-01 9.014677324513706291e-02 -2.552990505606875932e-02 -5.777541277454112389e-02 1.143951111352081718e-02 -1.253283810098604345e-02 3.882616856812001749e-05 2.737877050076402696e-01 -2.296333522340009647e+00
-3.401670681791701956e-03 1.115459951837479036e+00 1.823760220644020380e-02 -3.673672564712199273e-02 7.680182572658125761e-02 2.886452352774579455e-02 3.035798491542149868e-01 -3.278747664152234509e-01 2.448994489126259833e+00 2.833696137815419291e+00 1.253283810098804185e-02 -3.894792556243212855e-01 -1.143951111352228822e-02 -3.882616856799511740e-05 -2.737877050076364949e-01 -9.014677324513595269e-02 -4.060569280597869923e-02 2.552990505606817645e-02 5.777541277454156798e-02 2.296333522340008315e+00
9.489733558061881347e-01 -6.353125876603352151e-02 -6.353125876603388233e-02 3.971025125246533394e-01 1.258528337021990628e+00 -1.454040929857985942e+00 -1.454040929857984388e+00 -5.637488422392828574e-02 -1.079849622586862706e-01 5.464183385373725388e-01 -1.535457990833629105e-01 -4.223099737847531565e-01 2.166071317509055127e+00 5.464183385373724278e-01 2.166071317509054683e+00 1.569715676077380273e+00 -1.404304741311090954e+00 -1.079849622586858265e-01 1.569715676077380495e+00 -4.223099737847527124e-01
-2.163927288823064288e-02 -2.498001805406602216e-16 -6.730727086790011526e-16 2.163927288822975470e-02 -2.267780234276379758e-01 -7.303185833862357867e-16 -5.887399241173729098e-16 2.267780234276370877e-01 4.954108043915839144e-02 -4.954108043915844695e-02 -3.696941616959140142e-02 4.440892098500626162e-15 1.156915506166835694e-01 -1.526609667862521835e-01 1.257166426955769190e-02 -1.156915506166835694e-01 3.696941616959206756e-02 1.526609667862528497e-01 -1.257166426955680372e-02 1.332267629550187849e-15
-1.664865960312895687e-01 -8.176886097247498819e-02 4.338392381717751656e-01 -6.012958808424273549e-02 1.229663813494244362e+00 -1.757620779012196932e+00 2.714998821912953386e-01 -1.530842755584565840e+00 2.814942933656352508e-01 -4.478398788408212705e-01 -2.829231716172064814e-01 1.659862449322516031e+00 -2.987241936898776373e+00 1.610321368883357973e+00 -1.302622048309550751e-01 5.338855004363836088e-01 1.658027427489514594e-01 -1.462080154085633410e+00 -4.108704626712323393e-01 5.464571647059389692e-01
-3.401670681791590933e-03 1.823760220644044319e-02 1.115459951837477037e+00 -3.673672564712265887e-02 7.680182572658356133e-02 3.035798491542127664e-01 2.886452352774632191e-02 -3.278747664152226182e-01 2.552990505606858238e-02 -3.882616856748510870e-05 1.253283810098970719e-02 2.296333522340008315e+00 -2.737877050076364949e-01 2.833696137815419291e+00 -1.143951111352176087e-02 5.777541277454090185e-02 -4.060569280597742248e-02 2.448994489126262053e+00 -9.014677324513636902e-02 -3.894792556243233950e-01
-1.664865960312903459e-01 4.338392381717762758e-01 -8.176886097247451635e-02 -6.012958808424256896e-02 1.229663813494243474e+00 2.714998821912941174e-01 -1.757620779012196932e+00 -1.530842755584563397e+00 -1.462080154085630523e+00 1.610321368883357973e+00 -2.829231716172042610e-01 5.464571647059404125e-01 -1.302622048309547698e-01 -4.478398788408219366e-01 -2.987241936898779926e+00 -4.108704626712308405e-01 1.658027427489514594e-01 2.814942933656364721e-01 5.338855004363840528e-01 1.659862449322515587e+00
6.012958808424245793e-02 8.176886097247546004e-02 -4.338392381717757207e-01 1.664865960312901239e-01 1.530842755584562065e+00 1.757620779012194934e+00 -2.714998821912951721e-01 -1.229663813494241476e+00 4.478398788408219366e-01 -2.814942933656360835e-01 -1.658027427489512373e-01 -1.659862449322516698e+00 -5.338855004363820544e-01 1.462080154085633854e+00 4.108704626712315622e-01 2.987241936898779926e+00 2.829231716172053712e-01 -1.610321368883357751e+00 1.302622048309546865e-01 -5.464571647059390802e-01
-3.971025125246533394e-01 6.353125876603372968e-02 6.353125876603367417e-02 -9.489733558061879126e-01 5.637488422392894494e-02 1.454040929857985720e+00 1.454040929857985720e+00 -1.258528337021989740e+00 -5.464183385373717616e-01 1.079849622586855351e-01 1.404304741311091842e+00 4.223099737847526569e-01 -1.569715676077380717e+00 1.079849622586856184e-01 -1.569715676077380939e+00 -2.166071317509053795e+00 1.535457990833623554e-01 -5.464183385373722057e-01 -2.166071317509054683e+00 4.223099737847517687e-01
3.673672564712249233e-02 -1.823760220644089769e-02 -1.115459951837477259e+00 3.401670681791479911e-03 3.278747664152210639e-01 -3.035798491542140987e-01 -2.886452352774646068e-02 -7.680182572658253437e-02 3.882616856801246463e-05 -2.552990505606948790e-02 4.060569280597631225e-02 -2.296333522340010980e+00 -5.777541277454023572e-02 -2.448994489126261609e+00 9.014677324513525880e-02 2.737877050076373830e-01 -1.253283810098848594e-02 -2.833696137815417071e+00 1.143951111352237149e-02 3.894792556243236170e-01
6.012958808424251345e-02 -4.338392381717757207e-01 8.176886097247439145e-02 1.664865960312904569e-01 1.530842755584562287e+00 -2.714998821912936178e-01 1.757620779012195378e+00 -1.229663813494242142e+00 -1.610321368883357085e+00 1.462080154085632744e+00 -1.658027427489501271e-01 -5.464571647059394133e-01 4.108704626712313401e-01 -2.814942933656361390e-01 -5.338855004363840528e-01 1.302622048309538538e-01 2.829231716172064814e-01 4.478398788408218256e-01 2.987241936898781702e+00 -1.659862449322514255e+00
-2.163927288823136452e-02 8.673617379884035472e-18 2.975050761300224167e-16 2.163927288823047634e-02 -2.267780234276424167e-01 -1.741228689011720121e-16 -1.055579235131887117e-15 2.267780234276401963e-01 1.526609667862559583e-01 -1.526609667862559583e-01 -3.696941616958943078e-02 -3.885780586188047891e-16 1.257166426955513838e-02 -4.954108043915861348e-02 1.156915506166820151e-01 -1.257166426955513838e-02 3.696941616959065202e-02 4.954108043915839144e-02 -1.156915506166815710e-01 2.664535259100375697e-15
