-4.597253852487226400e-02 -8.799533874010533330e-01 -8.799533874010511125e-01 -4.597253852487337422e-02 -6.501498747859679739e-02 -1.244442014718715850e+00 -1.244442014718714518e+00 -6.501498747859746352e-02 -4.597253852487159786e-02 -8.799533874010514456e-01 -8.799533874010521117e-01 -4.597253852487459547e-02
-3.585590940368026391e-01 -8.413030105765106903e-01 -8.413030105765111344e-01 -3.585590940368028612e-01 7.963328585674311899e-02 -3.424091799161740335e-01 6.448487377015252875e-01 7.570849310718230640e+00 5.630923643746987839e-02 -2.421198530592512110e-01 4.559769152683337823e-01 5.353398886950358815e+00
5.630923643747015594e-02 -2.421198530592516551e-01 4.559769152683337268e-01 5.353398886950357038e+00 7.570849310718231528e+00 6.448487377015248434e-01 -3.424091799161739225e-01 7.963328585674300797e-02 -3.585590940368027502e-01 -8.413030105765109123e-01 -8.413030105765109123e-01 -3.585590940368029167e-01
5.353398886950360591e+00 4.559769152683335047e-01 -2.421198530592513221e-01 5.630923643747026697e-02 -5.070791336990571052e-01 -1.189782127622616814e+00 -1.189782127622618368e+00 -5.070791336990567721e-01 5.353398886950360591e+00 4.559769152683343929e-01 -2.421198530592509890e-01 5.630923643746998941e-02
5.511438251869110738e-02 8.108871202779088794e-02 -9.899260824740317988e-01 -1.016549610880705501e+00 5.171303731629556255e-01 5.750106219598970725e+00 5.243537381479981274e-01 -1.943121583152944698e-01 -2.349353850087976259e-02 3.242629174339373699e-01 8.735823541978490203e-01 5.003630637507923140e-01
-1.016549610880705501e+00 -9.899260824740313547e-01 8.108871202779072140e-02 5.511438251869105187e-02 -3.322488077607821388e-02 4.585770156097415673e-01 1.235432013156414710e+00 7.076202308669238272e-01 3.656663936210557964e-01 4.065939100421375407e+00 3.707740839849648085e-01 -1.373994448117384914e-01
3.656663936210559074e-01 4.065939100421376295e+00 3.707740839849653636e-01 -1.373994448117389910e-01 7.076202308669234942e-01 1.235432013156414044e+00 4.585770156097417338e-01 -3.322488077607876900e-02 -1.016549610880705279e+00 -9.899260824740314657e-01 8.108871202779077692e-02 5.511438251869094085e-02
-1.373994448117380474e-01 3.707740839849649195e-01 4.065939100421377184e+00 3.656663936210577392e-01 -1.437618246532586408e+00 -1.399966891581642559e+00 1.146767563050683503e-01 7.794350723975140838e-02 5.003630637507919809e-01 8.735823541978485762e-01 3.242629174339378140e-01 -2.349353850087998463e-02
5.003630637507923140e-01 8.735823541978489093e-01 3.242629174339380915e-01 -2.349353850087931850e-02 7.794350723975151940e-02 1.146767563050685723e-01 -1.399966891581643003e+00 -1.437618246532586852e+00 -1.373994448117380474e-01 3.707740839849646974e-01 4.065939100421377184e+00 3.656663936210569066e-01
-2.349353850087976259e-02 3.242629174339376474e-01 8.735823541978489093e-01 5.003630637507923140e-01 -1.943121583152939147e-01 5.243537381479974613e-01 5.750106219598971613e+00 5.171303731629568468e-01 5.511438251869099636e-02 8.108871202779066589e-02 -9.899260824740316878e-01 -1.016549610880705945e+00
