1.366025403784438597e+00 0.000000000000000000e+00 0.000000000000000000e+00 0.000000000000000000e+00 -3.660254037844387076e-01 0.000000000000000000e+00 0.000000000000000000e+00 0.000000000000000000e+00
0.000000000000000000e+00 1.366025403784438819e+00 0.000000000000000000e+00 0.000000000000000000e+00 0.000000000000000000e+00 -3.660254037844385966e-01 0.000000000000000000e+00 0.000000000000000000e+00
0.000000000000000000e+00 0.000000000000000000e+00 1.366025403784438819e+00 0.000000000000000000e+00 0.000000000000000000e+00 0.000000000000000000e+00 -3.660254037844385966e-01 0.000000000000000000e+00
0.000000000000000000e+00 0.000000000000000000e+00 0.000000000000000000e+00 1.366025403784438597e+00 0.000000000000000000e+00 0.000000000000000000e+00 0.000000000000000000e+00 -3.660254037844385966e-01
1.366025403784438819e+00 0.000000000000000000e+00 -3.660254037844387076e-01 0.000000000000000000e+00 0.000000000000000000e+00 0.000000000000000000e+00 0.000000000000000000e+00 0.000000000000000000e+00
0.000000000000000000e+00 1.366025403784438819e+00 0.000000000000000000e+00 -3.660254037844387076e-01 0.000000000000000000e+00 0.000000000000000000e+00 0.000000000000000000e+00 0.000000000000000000e+00
0.000000000000000000e+00 0.000000000000000000e+00 0.000000000000000000e+00 0.000000000000000000e+00 1.366025403784438819e+00 0.000000000000000000e+00 -3.660254037844387631e-01 0.000000000000000000e+00
0.000000000000000000e+00 0.000000000000000000e+00 0.000000000000000000e+00 0.000000000000000000e+00 0.000000000000000000e+00 1.366025403784438819e+00 0.000000000000000000e+00 -3.660254037844388186e-01
-3.660254037844387076e-01 1.366025403784438819e+00 0.000000000000000000e+00 0.000000000000000000e+00 0.000000000000000000e+00 0.000000000000000000e+00 0.000000000000000000e+00 0.000000000000000000e+00
0.000000000000000000e+00 0.000000000000000000e+00 -3.660254037844386521e-01 1.366025403784438819e+00 0.000000000000000000e+00 0.000000000000000000e+00 0.000000000000000000e+00 0.000000000000000000e+00
0.000000000000000000e+00 0.000000000000000000e+00 0.000000000000000000e+00 0.000000000000000000e+00 -3.660254037844385966e-01 1.366025403784438819e+00 0.000000000000000000e+00 0.000000000000000000e+00
0.000000000000000000e+00 0.000000000000000000e+00 0.000000000000000000e+00 0.000000000000000000e+00 0.000000000000000000e+00 0.000000000000000000e+00 -3.660254037844386521e-01 1.366025403784438375e+00
-3.660254037844387631e-01 0.000000000000000000e+00 1.366025403784438819e+00 0.000000000000000000e+00 0.000000000000000000e+00 0.000000000000000000e+00 0.000000000000000000e+00 0.000000000000000000e+00
0.000000000000000000e+00 -3.660254037844386521e-01 0.000000000000000000e+00 1.366025403784438819e+00 0.000000000000000000e+00 0.000000000000000000e+00 0.000000000000000000e+00 0.000000000000000000e+00
0.000000000000000000e+00 0.000000000000000000e+00 0.000000000000000000e+00 0.000000000000000000e+00 -3.660254037844386521e-01 0.000000000000000000e+00 1.366025403784438597e+00 0.000000000000000000e+00
0.000000000000000000e+00 0.000000000000000000e+00 0.000000000000000000e+00 0.000000000000000000e+00 0.000000000000000000e+00 -3.660254037844386521e-01 0.000000000000000000e+00 1.366025403784438597e+00
1.366025403784438819e+00 -3.660254037844387076e-01 0.000000000000000000e+00 0.000000000000000000e+00 0.000000000000000000e+00 0.000000000000000000e+00 0.000000000000000000e+00 0.000000000000000000e+00
0.000000000000000000e+00 0.000000000000000000e+00 1.366025403784438819e+00 -3.660254037844387076e-01 0.000000000000000000e+00 0.000000000000000000e+00 0.000000000000000000e+00 0.000000000000000000e+00
0.000000000000000000e+00 0.000000000000000000e+00 0.000000000000000000e+00 0.000000000000000000e+00 1.366025403784438597e+00 -3.660254037844387631e-01 0.000000000000000000e+00 0.000000000000000000e+00
0.000000000000000000e+00 0.000000000000000000e+00 0.000000000000000000e+00 0.000000000000000000e+00 0.000000000000000000e+00 0.000000000000000000e+00 1.366025403784438819e+00 -3.660254037844387076e-01
-3.660254037844385966e-01 0.000000000000000000e+00 0.000000000000000000e+00 0.000000000000000000e+00 1.366025403784438597e+00 0.000000000000000000e+00 0.000000000000000000e+00 0.000000000000000000e+00
0.000000000000000000e+00 -3.660254037844388186e-01 0.000000000000000000e+00 0.000000000000000000e+00 0.000000000000000000e+00 1.366025403784438819e+00 0.000000000000000000e+00 0.000000000000000000e+00
0.000000000000000000e+00 0.000000000000000000e+00 -3.660254037844388186e-01 0.000000000000000000e+00 0.000000000000000000e+00 0.000000000000000000e+00 1.366025403784438819e+00 0.000000000000000000e+00
0.000000000000000000e+00 0.000000000000000000e+00 0.000000000000000000e+00 -3.660254037844384856e-01 0.000000000000000000e+00 0.000000000000000000e+00 0.000000000000000000e+00 1.366025403784438375e+00
