8.660254037844390407e-01 8.660254037844387076e-01 0.000000000000000000e+00 0.000000000000000000e+00 0.000000000000000000e+00 0.000000000000000000e+00 0.000000000000000000e+00 0.000000000000000000e+00
-8.660254037844385966e-01 -8.660254037844389297e-01 0.000000000000000000e+00 0.000000000000000000e+00 0.000000000000000000e+00 0.000000000000000000e+00 0.000000000000000000e+00 0.000000000000000000e+00
0.000000000000000000e+00 0.000000000000000000e+00 8.660254037844390407e-01 8.660254037844387076e-01 0.000000000000000000e+00 0.000000000000000000e+00 0.000000000000000000e+00 0.000000000000000000e+00
0.000000000000000000e+00 0.000000000000000000e+00 -8.660254037844385966e-01 -8.660254037844389297e-01 0.000000000000000000e+00 0.000000000000000000e+00 0.000000000000000000e+00 0.000000000000000000e+00
0.000000000000000000e+00 0.000000000000000000e+00 0.000000000000000000e+00 0.000000000000000000e+00 8.660254037844388186e-01 8.660254037844385966e-01 0.000000000000000000e+00 0.000000000000000000e+00
0.000000000000000000e+00 0.000000000000000000e+00 0.000000000000000000e+00 0.000000000000000000e+00 -8.660254037844387076e-01 -8.660254037844387076e-01 0.000000000000000000e+00 0.000000000000000000e+00
0.000000000000000000e+00 0.000000000000000000e+00 0.000000000000000000e+00 0.000000000000000000e+00 0.000000000000000000e+00 0.000000000000000000e+00 8.660254037844385966e-01 8.660254037844383745e-01
0.000000000000000000e+00 0.000000000000000000e+00 0.000000000000000000e+00 0.000000000000000000e+00 0.000000000000000000e+00 0.000000000000000000e+00 -8.660254037844390407e-01 -8.660254037844372643e-01
8.660254037844390407e-01 0.000000000000000000e+00 8.660254037844387076e-01 0.000000000000000000e+00 0.000000000000000000e+00 0.000000000000000000e+00 0.000000000000000000e+00 0.000000000000000000e+00
0.000000000000000000e+00 8.660254037844390407e-01 0.000000000000000000e+00 8.660254037844387076e-01 0.000000000000000000e+00 0.000000000000000000e+00 0.000000000000000000e+00 0.000000000000000000e+00
-8.660254037844384856e-01 0.000000000000000000e+00 -8.660254037844389297e-01 0.000000000000000000e+00 0.000000000000000000e+00 0.000000000000000000e+00 0.000000000000000000e+00 0.000000000000000000e+00
0.000000000000000000e+00 -8.660254037844385966e-01 0.000000000000000000e+00 -8.660254037844389297e-01 0.000000000000000000e+00 0.000000000000000000e+00 0.000000000000000000e+00 0.000000000000000000e+00
0.000000000000000000e+00 0.000000000000000000e+00 0.000000000000000000e+00 0.000000000000000000e+00 8.660254037844390407e-01 0.000000000000000000e+00 8.660254037844384856e-01 0.000000000000000000e+00
0.000000000000000000e+00 0.000000000000000000e+00 0.000000000000000000e+00 0.000000000000000000e+00 0.000000000000000000e+00 8.660254037844385966e-01 0.000000000000000000e+00 8.660254037844383745e-01
0.000000000000000000e+00 0.000000000000000000e+00 0.000000000000000000e+00 0.000000000000000000e+00 -8.660254037844387076e-01 0.000000000000000000e+00 -8.660254037844384856e-01 0.000000000000000000e+00
0.000000000000000000e+00 0.000000000000000000e+00 0.000000000000000000e+00 0.000000000000000000e+00 0.000000000000000000e+00 -8.660254037844388186e-01 0.000000000000000000e+00 -8.660254037844377084e-01
8.660254037844390407e-01 0.000000000000000000e+00 0.000000000000000000e+00 0.000000000000000000e+00 8.660254037844385966e-01 0.000000000000000000e+00 0.000000000000000000e+00 0.000000000000000000e+00
0.000000000000000000e+00 8.660254037844385966e-01 0.000000000000000000e+00 0.000000000000000000e+00 0.000000000000000000e+00 8.660254037844388186e-01 0.000000000000000000e+00 0.000000000000000000e+00
0.000000000000000000e+00 0.000000000000000000e+00 8.660254037844385966e-01 0.000000000000000000e+00 0.000000000000000000e+00 0.000000000000000000e+00 8.660254037844388186e-01 0.000000000000000000e+00
0.000000000000000000e+00 0.000000000000000000e+00 0.000000000000000000e+00 8.660254037844381525e-01 0.000000000000000000e+00 0.000000000000000000e+00 0.000000000000000000e+00 8.660254037844385966e-01
-8.660254037844384856e-01 0.000000000000000000e+00 0.000000000000000000e+00 0.000000000000000000e+00 -8.660254037844388186e-01 0.000000000000000000e+00 0.000000000000000000e+00 0.000000000000000000e+00
0.000000000000000000e+00 -8.660254037844384856e-01 0.000000000000000000e+00 0.000000000000000000e+00 0.000000000000000000e+00 -8.660254037844389297e-01 0.000000000000000000e+00 0.000000000000000000e+00
0.000000000000000000e+00 0.000000000000000000e+00 -8.660254037844384856e-01 0.000000000000000000e+00 0.000000000000000000e+00 0.000000000000000000e+00 -8.660254037844389297e-01 0.000000000000000000e+00
0.000000000000000000e+00 0.000000000000000000e+00 0.000000000000000000e+00 -8.660254037844390407e-01 0.000000000000000000e+00 0.000000000000000000e+00 0.000000000000000000e+00 -8.660254037844377084e-01
