-9.317637155722979792e-03 -8.480139426291666283e-02 1.909215055950382045e-02 1.307643607226401272e+00 1.069077635493631551e-02 -6.688987922827425159e-01 2.055897837119790017e-01 -8.035417718870005443e-02 3.139569161048015311e-01 -1.360123306753946437e-02
-6.000294893938933338e-01 -1.208050050634917882e-01 -3.774132900735330254e-02 4.783219882870992645e-02 2.376128253747417096e-02 -3.142121016181044779e-01 1.402532525197397018e+00 1.516896732159436212e-01 3.025928817647566271e-01 1.443793635385615115e-01
-6.000294893938932228e-01 -1.208050050634916772e-01 4.783219882870971829e-02 -3.774132900735321927e-02 -3.142121016181043669e-01 2.376128253747408769e-02 1.516896732159431771e-01 1.402532525197397018e+00 1.443793635385615393e-01 3.025928817647566271e-01
-9.317637155723423881e-03 -8.480139426291660731e-02 1.307643607226399940e+00 1.909215055950420903e-02 -6.688987922827424049e-01 1.069077635493631551e-02 -8.035417718870019321e-02 2.055897837119801674e-01 -1.360123306753968642e-02 3.139569161048017532e-01
-9.317637155723090814e-03 1.909215055950402862e-02 1.307643607226400828e+00 -8.480139426291666283e-02 2.055897837119788352e-01 -1.360123306753951988e-02 3.139569161048013646e-01 -6.688987922827421828e-01 1.069077635493623224e-02 -8.035417718869969361e-02
-6.000294893938931118e-01 -3.774132900735351070e-02 4.783219882870978767e-02 -1.208050050634914552e-01 1.402532525197397240e+00 1.443793635385612617e-01 3.025928817647562385e-01 -3.142121016181038673e-01 2.376128253747422647e-02 1.516896732159434547e-01
-6.000294893938930008e-01 4.783219882870969747e-02 -3.774132900735341356e-02 -1.208050050634914552e-01 1.516896732159434547e-01 3.025928817647564051e-01 1.443793635385612617e-01 2.376128253747439301e-02 -3.142121016181043669e-01 1.402532525197397018e+00
-9.317637155723312858e-03 1.307643607226400384e+00 1.909215055950419515e-02 -8.480139426291678773e-02 -8.035417718869997117e-02 3.139569161048017532e-01 -1.360123306753968642e-02 1.069077635493642653e-02 -6.688987922827420718e-01 2.055897837119794180e-01
-9.317637155723201836e-03 1.909215055950413964e-02 -8.480139426291699589e-02 1.307643607226400828e+00 -1.360123306753963091e-02 2.055897837119790572e-01 -6.688987922827424049e-01 3.139569161048014201e-01 -8.035417718869963810e-02 1.069077635493639877e-02
-6.000294893938933338e-01 -3.774132900735348295e-02 -1.208050050634916772e-01 4.783219882870992645e-02 1.443793635385610119e-01 1.402532525197397018e+00 -3.142121016181045889e-01 3.025928817647566271e-01 1.516896732159435102e-01 2.376128253747433750e-02
-6.000294893938931118e-01 4.783219882870977380e-02 -1.208050050634917327e-01 -3.774132900735316376e-02 3.025928817647564606e-01 1.516896732159433991e-01 2.376128253747400443e-02 1.443793635385614560e-01 1.402532525197397018e+00 -3.142121016181041449e-01
-9.317637155723312858e-03 1.307643607226400384e+00 -8.480139426291657956e-02 1.909215055950397311e-02 3.139569161048014201e-01 -8.035417718869963810e-02 1.069077635493631551e-02 -1.360123306753963091e-02 2.055897837119797789e-01 -6.688987922827425159e-01
