3.332000236352283817e+00 1.420240467903587600e+00 -6.162310439495322090e-01 5.806281691622645624e-01 0.000000000000000000e+00 1.332267629550187849e-15 0.000000000000000000e+00 0.000000000000000000e+00 0.000000000000000000e+00 0.000000000000000000e+00 0.000000000000000000e+00 0.000000000000000000e+00 0.000000000000000000e+00 0.000000000000000000e+00 0.000000000000000000e+00 0.000000000000000000e+00
-2.592410982442434619e+00 3.844143922232082788e-01 1.470670231280716056e+00 -1.124826508017219728e+00 0.000000000000000000e+00 0.000000000000000000e+00 0.000000000000000000e+00 0.000000000000000000e+00 0.000000000000000000e+00 0.000000000000000000e+00 0.000000000000000000e+00 0.000000000000000000e+00 0.000000000000000000e+00 0.000000000000000000e+00 0.000000000000000000e+00 0.000000000000000000e+00
1.124826508017219062e+00 -1.470670231280716056e+00 -3.844143922232078903e-01 2.592410982442434619e+00 0.000000000000000000e+00 0.000000000000000000e+00 0.000000000000000000e+00 0.000000000000000000e+00 0.000000000000000000e+00 0.000000000000000000e+00 0.000000000000000000e+00 0.000000000000000000e+00 0.000000000000000000e+00 0.000000000000000000e+00 0.000000000000000000e+00 0.000000000000000000e+00
-5.806281691622633412e-01 6.162310439495310987e-01 -1.420240467903587600e+00 -3.332000236352285594e+00 -1.387778780781445676e-15 1.332267629550187849e-15 0.000000000000000000e+00 0.000000000000000000e+00 0.000000000000000000e+00 0.000000000000000000e+00 0.000000000000000000e+00 0.000000000000000000e+00 0.000000000000000000e+00 0.000000000000000000e+00 1.387778780781445676e-15 0.000000000000000000e+00
-1.906959746932807604e-15 1.016227663877869989e-15 -5.005515006379988939e-16 1.422826809896347100e-16 3.332000236352278932e+00 1.420240467903587600e+00 -6.162310439495328751e-01 5.806281691622647845e-01 0.000000000000000000e+00 0.000000000000000000e+00 0.000000000000000000e+00 0.000000000000000000e+00 0.000000000000000000e+00 0.000000000000000000e+00 0.000000000000000000e+00 0.000000000000000000e+00
0.000000000000000000e+00 0.000000000000000000e+00 0.000000000000000000e+00 0.000000000000000000e+00 -2.592410982442433287e+00 3.844143922232091670e-01 1.470670231280716500e+00 -1.124826508017219062e+00 0.000000000000000000e+00 0.000000000000000000e+00 0.000000000000000000e+00 0.000000000000000000e+00 0.000000000000000000e+00 0.000000000000000000e+00 0.000000000000000000e+00 0.000000000000000000e+00
0.000000000000000000e+00 0.000000000000000000e+00 0.000000000000000000e+00 0.000000000000000000e+00 1.124826508017219950e+00 -1.470670231280716722e+00 -3.844143922232087229e-01 2.592410982442434175e+00 0.000000000000000000e+00 0.000000000000000000e+00 0.000000000000000000e+00 0.000000000000000000e+00 0.000000000000000000e+00 0.000000000000000000e+00 0.000000000000000000e+00 0.000000000000000000e+00
-1.486063557002855354e-16 5.227982339996879439e-16 -1.061393337827996992e-15 1.991713513463154135e-15 -5.806281691622656727e-01 6.162310439495339853e-01 -1.420240467903589376e+00 -3.332000236352278044e+00 -1.221245327087672194e-15 1.554312234475219157e-15 0.000000000000000000e+00 0.000000000000000000e+00 0.000000000000000000e+00 0.000000000000000000e+00 0.000000000000000000e+00 0.000000000000000000e+00
0.000000000000000000e+00 0.000000000000000000e+00 0.000000000000000000e+00 0.000000000000000000e+00 0.000000000000000000e+00 0.000000000000000000e+00 0.000000000000000000e+00 0.000000000000000000e+00 3.332000236352279821e+00 1.420240467903588488e+00 -6.162310439495328751e-01 5.806281691622642294e-01 0.000000000000000000e+00 0.000000000000000000e+00 0.000000000000000000e+00 0.000000000000000000e+00
0.000000000000000000e+00 0.000000000000000000e+00 0.000000000000000000e+00 0.000000000000000000e+00 0.000000000000000000e+00 0.000000000000000000e+00 0.000000000000000000e+00 0.000000000000000000e+00 -2.592410982442433731e+00 3.844143922232085009e-01 1.470670231280716944e+00 -1.124826508017219506e+00 0.000000000000000000e+00 0.000000000000000000e+00 0.000000000000000000e+00 0.000000000000000000e+00
0.000000000000000000e+00 0.000000000000000000e+00 0.000000000000000000e+00 0.000000000000000000e+00 0.000000000000000000e+00 0.000000000000000000e+00 0.000000000000000000e+00 0.000000000000000000e+00 1.124826508017219506e+00 -1.470670231280716944e+00 -3.844143922232090560e-01 2.592410982442433731e+00 0.000000000000000000e+00 0.000000000000000000e+00 0.000000000000000000e+00 0.000000000000000000e+00
0.000000000000000000e+00 0.000000000000000000e+00 0.000000000000000000e+00 0.000000000000000000e+00 0.000000000000000000e+00 0.000000000000000000e+00 0.000000000000000000e+00 0.000000000000000000e+00 -5.806281691622643404e-01 6.162310439495322090e-01 -1.420240467903586268e+00 -3.332000236352282929e+00 0.000000000000000000e+00 0.000000000000000000e+00 0.000000000000000000e+00 0.000000000000000000e+00
0.000000000000000000e+00 0.000000000000000000e+00 0.000000000000000000e+00 0.000000000000000000e+00 0.000000000000000000e+00 0.000000000000000000e+00 0.000000000000000000e+00 0.000000000000000000e+00 0.000000000000000000e+00 0.000000000000000000e+00 0.000000000000000000e+00 0.000000000000000000e+00 3.332000236352282041e+00 1.420240467903587600e+00 -6.162310439495310987e-01 5.806281691622643404e-01
0.000000000000000000e+00 0.000000000000000000e+00 0.000000000000000000e+00 0.000000000000000000e+00 0.000000000000000000e+00 0.000000000000000000e+00 0.000000000000000000e+00 0.000000000000000000e+00 0.000000000000000000e+00 0.000000000000000000e+00 0.000000000000000000e+00 0.000000000000000000e+00 -2.592410982442434175e+00 3.844143922232090560e-01 1.470670231280715834e+00 -1.124826508017219062e+00
0.000000000000000000e+00 0.000000000000000000e+00 0.000000000000000000e+00 0.000000000000000000e+00 0.000000000000000000e+00 0.000000000000000000e+00 0.000000000000000000e+00 0.000000000000000000e+00 0.000000000000000000e+00 0.000000000000000000e+00 0.000000000000000000e+00 0.000000000000000000e+00 1.124826508017219728e+00 -1.470670231280716500e+00 -3.844143922232083344e-01 2.592410982442434619e+00
0.000000000000000000e+00 0.000000000000000000e+00 0.000000000000000000e+00 0.000000000000000000e+00 0.000000000000000000e+00 0.000000000000000000e+00 0.000000000000000000e+00 0.000000000000000000e+00 0.000000000000000000e+00 0.000000000000000000e+00 0.000000000000000000e+00 0.000000000000000000e+00 -5.806281691622650065e-01 6.162310439495328751e-01 -1.420240467903589376e+00 -3.332000236352280265e+00
3.332000236352285150e+00 0.000000000000000000e+00 0.000000000000000000e+00 0.000000000000000000e+00 1.420240467903584491e+00 0.000000000000000000e+00 0.000000000000000000e+00 0.000000000000000000e+00 -6.162310439495319869e-01 0.000000000000000000e+00 0.000000000000000000e+00 0.000000000000000000e+00 5.806281691622646735e-01 0.000000000000000000e+00 0.000000000000000000e+00 0.000000000000000000e+00
-1.695075330606939698e-15 3.332000236352279376e+00 0.000000000000000000e+00 0.000000000000000000e+00 9.033134790025516931e-16 1.420240467903588044e+00 0.000000000000000000e+00 0.000000000000000000e+00 -4.449346672337764658e-16 -6.162310439495328751e-01 0.000000000000000000e+00 0.000000000000000000e+00 1.264734942130085708e-16 5.806281691622647845e-01 0.000000000000000000e+00 0.000000000000000000e+00
0.000000000000000000e+00 0.000000000000000000e+00 3.332000236352279376e+00 0.000000000000000000e+00 0.000000000000000000e+00 0.000000000000000000e+00 1.420240467903588488e+00 0.000000000000000000e+00 0.000000000000000000e+00 0.000000000000000000e+00 -6.162310439495324310e-01 0.000000000000000000e+00 0.000000000000000000e+00 0.000000000000000000e+00 5.806281691622637853e-01 0.000000000000000000e+00
0.000000000000000000e+00 0.000000000000000000e+00 0.000000000000000000e+00 3.332000236352282929e+00 0.000000000000000000e+00 -1.110223024625156540e-15 0.000000000000000000e+00 1.420240467903586268e+00 0.000000000000000000e+00 0.000000000000000000e+00 0.000000000000000000e+00 -6.162310439495319869e-01 0.000000000000000000e+00 0.000000000000000000e+00 0.000000000000000000e+00 5.806281691622651175e-01
-2.592410982442434619e+00 0.000000000000000000e+00 0.000000000000000000e+00 0.000000000000000000e+00 3.844143922232090005e-01 0.000000000000000000e+00 0.000000000000000000e+00 0.000000000000000000e+00 1.470670231280716944e+00 0.000000000000000000e+00 0.000000000000000000e+00 0.000000000000000000e+00 -1.124826508017219506e+00 0.000000000000000000e+00 0.000000000000000000e+00 0.000000000000000000e+00
0.000000000000000000e+00 -2.592410982442433287e+00 0.000000000000000000e+00 0.000000000000000000e+00 0.000000000000000000e+00 3.844143922232083344e-01 0.000000000000000000e+00 0.000000000000000000e+00 0.000000000000000000e+00 1.470670231280716278e+00 0.000000000000000000e+00 0.000000000000000000e+00 0.000000000000000000e+00 -1.124826508017219062e+00 0.000000000000000000e+00 0.000000000000000000e+00
0.000000000000000000e+00 0.000000000000000000e+00 -2.592410982442433287e+00 0.000000000000000000e+00 0.000000000000000000e+00 0.000000000000000000e+00 3.844143922232087229e-01 0.000000000000000000e+00 0.000000000000000000e+00 0.000000000000000000e+00 1.470670231280716500e+00 0.000000000000000000e+00 0.000000000000000000e+00 0.000000000000000000e+00 -1.124826508017219062e+00 0.000000000000000000e+00
0.000000000000000000e+00 0.000000000000000000e+00 0.000000000000000000e+00 -2.592410982442433731e+00 0.000000000000000000e+00 0.000000000000000000e+00 0.000000000000000000e+00 3.844143922232088340e-01 0.000000000000000000e+00 0.000000000000000000e+00 0.000000000000000000e+00 1.470670231280716056e+00 0.000000000000000000e+00 0.000000000000000000e+00 0.000000000000000000e+00 -1.124826508017219728e+00
1.124826508017219728e+00 0.000000000000000000e+00 0.000000000000000000e+00 0.000000000000000000e+00 -1.470670231280716944e+00 0.000000000000000000e+00 0.000000000000000000e+00 0.000000000000000000e+00 -3.844143922232094446e-01 0.000000000000000000e+00 0.000000000000000000e+00 0.000000000000000000e+00 2.592410982442434175e+00 0.000000000000000000e+00 0.000000000000000000e+00 0.000000000000000000e+00
0.000000000000000000e+00 1.124826508017219062e+00 0.000000000000000000e+00 0.000000000000000000e+00 0.000000000000000000e+00 -1.470670231280716944e+00 0.000000000000000000e+00 0.000000000000000000e+00 0.000000000000000000e+00 -3.844143922232081678e-01 0.000000000000000000e+00 0.000000000000000000e+00 0.000000000000000000e+00 2.592410982442432843e+00 0.000000000000000000e+00 0.000000000000000000e+00
0.000000000000000000e+00 0.000000000000000000e+00 1.124826508017219284e+00 0.000000000000000000e+00 0.000000000000000000e+00 0.000000000000000000e+00 -1.470670231280716944e+00 0.000000000000000000e+00 0.000000000000000000e+00 0.000000000000000000e+00 -3.844143922232081678e-01 0.000000000000000000e+00 0.000000000000000000e+00 0.000000000000000000e+00 2.592410982442433287e+00 0.000000000000000000e+00
0.000000000000000000e+00 0.000000000000000000e+00 0.000000000000000000e+00 1.124826508017219728e+00 0.000000000000000000e+00 0.000000000000000000e+00 0.000000000000000000e+00 -1.470670231280716500e+00 0.000000000000000000e+00 0.000000000000000000e+00 0.000000000000000000e+00 -3.844143922232075572e-01 0.000000000000000000e+00 0.000000000000000000e+00 0.000000000000000000e+00 2.592410982442434175e+00
-5.806281691622641183e-01 0.000000000000000000e+00 0.000000000000000000e+00 0.000000000000000000e+00 6.162310439495328751e-01 0.000000000000000000e+00 0.000000000000000000e+00 0.000000000000000000e+00 -1.420240467903586268e+00 -1.332267629550187849e-15 0.000000000000000000e+00 0.000000000000000000e+00 -3.332000236352283373e+00 0.000000000000000000e+00 0.000000000000000000e+00 0.000000000000000000e+00
-1.612537051215858058e-16 -5.806281691622647845e-01 0.000000000000000000e+00 0.000000000000000000e+00 5.672917007230652553e-16 6.162310439495342074e-01 0.000000000000000000e+00 0.000000000000000000e+00 -1.151724685728252970e-15 -1.420240467903589821e+00 0.000000000000000000e+00 0.000000000000000000e+00 2.161221046523847986e-15 -3.332000236352276712e+00 0.000000000000000000e+00 0.000000000000000000e+00
0.000000000000000000e+00 0.000000000000000000e+00 -5.806281691622642294e-01 0.000000000000000000e+00 0.000000000000000000e+00 0.000000000000000000e+00 6.162310439495317649e-01 0.000000000000000000e+00 0.000000000000000000e+00 0.000000000000000000e+00 -1.420240467903588488e+00 0.000000000000000000e+00 0.000000000000000000e+00 0.000000000000000000e+00 -3.332000236352281597e+00 0.000000000000000000e+00
0.000000000000000000e+00 0.000000000000000000e+00 -1.897102413195129302e-16 -5.806281691622645624e-01 0.000000000000000000e+00 -1.332267629550187849e-15 -4.428210237744918417e-16 6.162310439495324310e-01 0.000000000000000000e+00 0.000000000000000000e+00 -1.354970218503826652e-15 -1.420240467903588932e+00 0.000000000000000000e+00 0.000000000000000000e+00 2.542612995910409349e-15 -3.332000236352281597e+00
