0.000000000000000000e+00 2.220446049250313081e-16 -1.387778780781445676e-16 0.000000000000000000e+00
-1.118033988749889129e+00 -1.118033988749872698e+00 -1.118033988749888685e+00 -1.118033988749890462e+00
-3.053113317719180486e-16 6.661338147750939243e-16 1.183081410616182438e-15 0.000000000000000000e+00
1.118033988749890684e+00 1.118033988749891128e+00 1.118033988749889573e+00 1.118033988749872254e+00
-8.881784197001252323e-16 -8.326672684688674053e-17 4.440892098500626162e-16 0.000000000000000000e+00
2.220446049250313081e-16 1.890848588814719733e-16 8.881784197001252323e-16 -8.881784197001252323e-16
-1.118033988749889795e+00 -1.118033988749889351e+00 -1.118033988749872032e+00 -1.118033988749889795e+00
1.118033988749890018e+00 1.118033988749891128e+00 1.118033988749889795e+00 1.118033988749872698e+00
-1.118033988749872476e+00 -1.118033988749890240e+00 -1.118033988749889129e+00 -1.118033988749889573e+00
1.110223024625156540e-15 1.890848588814719733e-16 -6.071532165918824830e-17 -8.881784197001252323e-16
-2.220446049250313081e-16 7.285838599102589797e-16 7.389922007661198222e-16 -4.440892098500626162e-16
1.118033988749890462e+00 1.118033988749890906e+00 1.118033988749889573e+00 1.118033988749872254e+00
