0.000000000000000000e+00 0.000000000000000000e+00 0.000000000000000000e+00 0.000000000000000000e+00 0.000000000000000000e+00 -3.407068760902769861e-02 1.414709948159376951e-01 -3.732534616347097933e-01 5.787140289764649559e-01 8.177986284176343545e+00 3.407068760902742799e-02 -1.414709948159379449e-01 3.732534616347098488e-01 -5.787140289764644008e-01 -8.177986284176341769e+00
-0.000000000000000000e+00 0.000000000000000000e+00 -0.000000000000000000e+00 0.000000000000000000e+00 0.000000000000000000e+00 8.177986284176347098e+00 5.787140289764660661e-01 -3.732534616347105705e-01 1.414709948159375563e-01 -3.407068760902801086e-02 -3.766849869423851693e-01 -9.249186854440418770e-01 -1.205841535663667585e+00 -9.249186854440406558e-01 -3.766849869423853914e-01
0.000000000000000000e+00 0.000000000000000000e+00 -0.000000000000000000e+00 0.000000000000000000e+00 -0.000000000000000000e+00 3.766849869423856134e-01 9.249186854440408778e-01 1.205841535663667141e+00 9.249186854440405448e-01 3.766849869423848363e-01 -8.177986284176348875e+00 -5.787140289764666212e-01 3.732534616347105150e-01 -1.414709948159380559e-01 3.407068760902798310e-02
0.000000000000000000e+00 0.000000000000000000e+00 0.000000000000000000e+00 0.000000000000000000e+00 0.000000000000000000e+00 1.065108706569844327e-01 1.797338358554744636e-02 -1.172900949469981580e+00 -1.125310822402668887e+00 -1.520494233293389896e-01 -1.065108706569842800e-01 -1.797338358554745330e-02 1.172900949469981802e+00 1.125310822402668887e+00 1.520494233293390451e-01
0.000000000000000000e+00 0.000000000000000000e+00 -0.000000000000000000e+00 -0.000000000000000000e+00 -0.000000000000000000e+00 -1.520494233293382402e-01 -1.125310822402668220e+00 -1.172900949469982024e+00 1.797338358554686003e-02 1.065108706569843494e-01 -3.078013091636289111e-02 -4.044323368695616483e-01 -9.758930126717718645e-01 -4.044323368695615928e-01 -3.078013091636322418e-02
-0.000000000000000000e+00 -0.000000000000000000e+00 -0.000000000000000000e+00 0.000000000000000000e+00 0.000000000000000000e+00 3.078013091636299520e-02 4.044323368695610932e-01 9.758930126717719755e-01 4.044323368695614263e-01 3.078013091636307499e-02 1.520494233293384068e-01 1.125310822402667998e+00 1.172900949469981802e+00 -1.797338358554700921e-02 -1.065108706569844466e-01
-0.000000000000000000e+00 0.000000000000000000e+00 0.000000000000000000e+00 0.000000000000000000e+00 -0.000000000000000000e+00 5.856389335240257399e-01 1.072236397422100529e+00 3.158549142070791182e-01 -1.092563383478906969e-01 -5.850347735875229688e-02 -5.856389335240256289e-01 -1.072236397422100751e+00 -3.158549142070793403e-01 1.092563383478911687e-01 5.850347735875227606e-02
0.000000000000000000e+00 0.000000000000000000e+00 0.000000000000000000e+00 -0.000000000000000000e+00 -0.000000000000000000e+00 -5.850347735875204708e-02 -1.092563383478916406e-01 3.158549142070793403e-01 1.072236397422100307e+00 5.856389335240260730e-01 2.111687061258066267e-01 -6.143808272731021702e-01 -5.454458520792601739e+00 -6.143808272731035025e-01 2.111687061258074316e-01
-0.000000000000000000e+00 -0.000000000000000000e+00 0.000000000000000000e+00 0.000000000000000000e+00 0.000000000000000000e+00 -2.111687061258065989e-01 6.143808272731016151e-01 5.454458520792600851e+00 6.143808272731031694e-01 -2.111687061258074594e-01 5.850347735875227606e-02 1.092563383478910577e-01 -3.158549142070790072e-01 -1.072236397422101195e+00 -5.856389335240261840e-01
-0.000000000000000000e+00 0.000000000000000000e+00 0.000000000000000000e+00 -0.000000000000000000e+00 -0.000000000000000000e+00 6.982350131118856273e-01 5.935183299806956470e+00 4.050837191937201043e-01 -2.981430049956759754e-01 7.404783511523739536e-02 -3.493992481548968687e-02 1.054765566754524986e-01 7.540302351461829478e-01 9.794109587905270864e-01 4.379349075782944523e-01
-0.000000000000000000e+00 -0.000000000000000000e+00 0.000000000000000000e+00 0.000000000000000000e+00 -0.000000000000000000e+00 3.493992481548970769e-02 -1.054765566754525402e-01 -7.540302351461830588e-01 -9.794109587905268643e-01 -4.379349075782942857e-01 -6.982350131118859604e-01 -5.935183299806958246e+00 -4.050837191937204373e-01 2.981430049956763639e-01 -7.404783511523740924e-02
0.000000000000000000e+00 0.000000000000000000e+00 0.000000000000000000e+00 -0.000000000000000000e+00 0.000000000000000000e+00 -4.379349075782937861e-01 -9.794109587905268643e-01 -7.540302351461833918e-01 -1.054765566754524569e-01 3.493992481548979095e-02 1.336189608854138955e+00 1.426271532084566251e+00 -2.356403269331865946e-01 -9.218614391798590768e-02 4.441552013474325822e-02
0.000000000000000000e+00 -0.000000000000000000e+00 0.000000000000000000e+00 0.000000000000000000e+00 0.000000000000000000e+00 -1.336189608854139621e+00 -1.426271532084566251e+00 2.356403269331862615e-01 9.218614391798563013e-02 -4.441552013474338312e-02 4.379349075782933420e-01 9.794109587905268643e-01 7.540302351461827257e-01 1.054765566754520822e-01 -3.493992481549001994e-02
-0.000000000000000000e+00 -0.000000000000000000e+00 -0.000000000000000000e+00 -0.000000000000000000e+00 0.000000000000000000e+00 -4.441552013474299454e-02 9.218614391798594931e-02 2.356403269331862615e-01 -1.426271532084565585e+00 -1.336189608854139621e+00 -7.404783511523727046e-02 2.981430049956753647e-01 -4.050837191937205484e-01 -5.935183299806958246e+00 -6.982350131118880698e-01
0.000000000000000000e+00 -0.000000000000000000e+00 -0.000000000000000000e+00 -0.000000000000000000e+00 -0.000000000000000000e+00 7.404783511523709005e-02 -2.981430049956755313e-01 4.050837191937202153e-01 5.935183299806955581e+00 6.982350131118879588e-01 4.441552013474314720e-02 -9.218614391798590768e-02 -2.356403269331860673e-01 1.426271532084566029e+00 1.336189608854139843e+00
-3.766849869423851693e-01 -9.249186854440409888e-01 -1.205841535663668029e+00 -9.249186854440405448e-01 -3.766849869423853914e-01 -3.407068760902769861e-02 1.414709948159376951e-01 -3.732534616347097933e-01 5.787140289764649559e-01 8.177986284176343545e+00 -0.000000000000000000e+00 0.000000000000000000e+00 -0.000000000000000000e+00 0.000000000000000000e+00 0.000000000000000000e+00
3.407068760902798310e-02 -1.414709948159385000e-01 3.732534616347091827e-01 -5.787140289764642898e-01 -8.177986284176341769e+00 8.177986284176347098e+00 5.787140289764660661e-01 -3.732534616347105705e-01 1.414709948159375563e-01 -3.407068760902801086e-02 0.000000000000000000e+00 0.000000000000000000e+00 0.000000000000000000e+00 0.000000000000000000e+00 0.000000000000000000e+00
-8.177986284176347098e+00 -5.787140289764665102e-01 3.732534616347091827e-01 -1.414709948159383890e-01 3.407068760902809412e-02 3.766849869423856134e-01 9.249186854440408778e-01 1.205841535663667141e+00 9.249186854440405448e-01 3.766849869423848363e-01 0.000000000000000000e+00 0.000000000000000000e+00 -0.000000000000000000e+00 0.000000000000000000e+00 -0.000000000000000000e+00
-3.078013091636333520e-02 -4.044323368695613707e-01 -9.758930126717723086e-01 -4.044323368695614818e-01 -3.078013091636344623e-02 1.065108706569844327e-01 1.797338358554744636e-02 -1.172900949469981580e+00 -1.125310822402668887e+00 -1.520494233293389896e-01 0.000000000000000000e+00 0.000000000000000000e+00 -0.000000000000000000e+00 -0.000000000000000000e+00 -0.000000000000000000e+00
-1.065108706569843910e-01 -1.797338358554734228e-02 1.172900949469981580e+00 1.125310822402668665e+00 1.520494233293389064e-01 -1.520494233293382402e-01 -1.125310822402668220e+00 -1.172900949469982024e+00 1.797338358554686003e-02 1.065108706569843494e-01 0.000000000000000000e+00 0.000000000000000000e+00 0.000000000000000000e+00 0.000000000000000000e+00 0.000000000000000000e+00
1.520494233293386843e-01 1.125310822402668887e+00 1.172900949469981580e+00 -1.797338358554700921e-02 -1.065108706569843910e-01 3.078013091636299520e-02 4.044323368695610932e-01 9.758930126717719755e-01 4.044323368695614263e-01 3.078013091636307499e-02 -0.000000000000000000e+00 -0.000000000000000000e+00 -0.000000000000000000e+00 0.000000000000000000e+00 0.000000000000000000e+00
2.111687061258067377e-01 -6.143808272731023923e-01 -5.454458520792600851e+00 -6.143808272731032805e-01 2.111687061258079035e-01 5.856389335240257399e-01 1.072236397422100529e+00 3.158549142070791182e-01 -1.092563383478906969e-01 -5.850347735875229688e-02 0.000000000000000000e+00 0.000000000000000000e+00 0.000000000000000000e+00 -0.000000000000000000e+00 -0.000000000000000000e+00
-5.856389335240260730e-01 -1.072236397422100751e+00 -3.158549142070792293e-01 1.092563383478907801e-01 5.850347735875222055e-02 -5.850347735875204708e-02 -1.092563383478916406e-01 3.158549142070793403e-01 1.072236397422100307e+00 5.856389335240260730e-01 -0.000000000000000000e+00 0.000000000000000000e+00 0.000000000000000000e+00 0.000000000000000000e+00 -0.000000000000000000e+00
5.850347735875249811e-02 1.092563383478915018e-01 -3.158549142070792293e-01 -1.072236397422100751e+00 -5.856389335240262950e-01 -2.111687061258065989e-01 6.143808272731016151e-01 5.454458520792600851e+00 6.143808272731031694e-01 -2.111687061258074594e-01 -0.000000000000000000e+00 -0.000000000000000000e+00 0.000000000000000000e+00 0.000000000000000000e+00 0.000000000000000000e+00
4.441552013474298066e-02 -9.218614391798585217e-02 -2.356403269331866224e-01 1.426271532084566029e+00 1.336189608854139177e+00 6.982350131118856273e-01 5.935183299806956470e+00 4.050837191937201043e-01 -2.981430049956759754e-01 7.404783511523739536e-02 0.000000000000000000e+00 -0.000000000000000000e+00 -0.000000000000000000e+00 -0.000000000000000000e+00 -0.000000000000000000e+00
1.336189608854139399e+00 1.426271532084566918e+00 -2.356403269331866224e-01 -9.218614391798585217e-02 4.441552013474314720e-02 3.493992481548970769e-02 -1.054765566754525402e-01 -7.540302351461830588e-01 -9.794109587905268643e-01 -4.379349075782942857e-01 0.000000000000000000e+00 0.000000000000000000e+00 0.000000000000000000e+00 -0.000000000000000000e+00 0.000000000000000000e+00
-6.982350131118864045e-01 -5.935183299806959134e+00 -4.050837191937203263e-01 2.981430049956755868e-01 -7.404783511523793660e-02 -4.379349075782937861e-01 -9.794109587905268643e-01 -7.540302351461833918e-01 -1.054765566754524569e-01 3.493992481548979095e-02 -0.000000000000000000e+00 -0.000000000000000000e+00 0.000000000000000000e+00 0.000000000000000000e+00 -0.000000000000000000e+00
-7.404783511523704842e-02 2.981430049956754758e-01 -4.050837191937203263e-01 -5.935183299806957358e+00 -6.982350131118901793e-01 -1.336189608854139621e+00 -1.426271532084566251e+00 2.356403269331862615e-01 9.218614391798563013e-02 -4.441552013474338312e-02 -0.000000000000000000e+00 -0.000000000000000000e+00 -0.000000000000000000e+00 -0.000000000000000000e+00 0.000000000000000000e+00
4.379349075782941192e-01 9.794109587905269754e-01 7.540302351461830588e-01 1.054765566754525263e-01 -3.493992481549013096e-02 -4.441552013474299454e-02 9.218614391798594931e-02 2.356403269331862615e-01 -1.426271532084565585e+00 -1.336189608854139621e+00 0.000000000000000000e+00 -0.000000000000000000e+00 0.000000000000000000e+00 0.000000000000000000e+00 0.000000000000000000e+00
-3.493992481548946483e-02 1.054765566754529704e-01 7.540302351461830588e-01 9.794109587905271974e-01 4.379349075782947853e-01 7.404783511523709005e-02 -2.981430049956755313e-01 4.050837191937202153e-01 5.935183299806955581e+00 6.982350131118879588e-01 -0.000000000000000000e+00 0.000000000000000000e+00 0.000000000000000000e+00 -0.000000000000000000e+00 -0.000000000000000000e+00
