-4.801257516549751067e-15 6.938893903907228378e-17 -3.017698203251217848e-02 3.017698203251512057e-02 1.833320258631528477e+00 -1.833320258631521149e+00 -3.664146213189534151e-02 3.664146213189489742e-02 -1.796678796499631137e+00 1.796678796499631359e+00 -3.565899042496905690e-15 -3.017698203251140132e-02 1.378563062315318888e-15 3.017698203251434341e-02 1.796678796499632025e+00 -3.664146213189434231e-02 -1.833320258631523370e+00 -1.796678796499629582e+00 3.664146213189345413e-02 1.833320258631527366e+00
-6.938893903907228378e-18 -1.776356839400250465e-15 -3.161745145272798485e-02 3.161745145272820690e-02 1.482821472622792847e-01 -1.482821472622792847e-01 2.677969298108701102e-02 -2.677969298108698326e-02 -1.750618402433667953e-01 1.750618402433659071e-01 1.502821807911974394e+00 -3.352054625649614650e+00 -5.764568723296881192e-01 -5.448394208769606895e-01 9.709142050655847900e-01 8.226320578033048392e-01 -1.442087069209279981e+00 -1.468866762190368824e+00 -2.055207277795931375e+00 -1.880145437552563248e+00
1.502821807911974172e+00 -5.764568723296883412e-01 -3.352054625649616426e+00 -5.448394208769603564e-01 -1.880145437552558807e+00 -1.442087069209281536e+00 8.226320578033063935e-01 -2.055207277795929155e+00 -1.468866762190368158e+00 9.709142050655834577e-01 -1.556372218602941615e-15 -3.161745145272820690e-02 -8.721972796776888970e-15 3.161745145272920610e-02 1.750618402433721243e-01 2.677969298108623386e-02 -1.482821472622806169e-01 -1.750618402433641307e-01 -2.677969298108634488e-02 1.482821472622788406e-01
-1.502821807911975283e+00 5.764568723296881192e-01 5.448394208769596903e-01 3.352054625649617314e+00 1.442087069209280870e+00 1.880145437552560805e+00 2.055207277795926935e+00 -8.226320578033028408e-01 -9.709142050655837908e-01 1.468866762190368824e+00 -1.502821807911972618e+00 5.448394208769592462e-01 5.764568723296896735e-01 3.352054625649618202e+00 1.468866762190365494e+00 2.055207277795927379e+00 1.880145437552559029e+00 -9.709142050655847900e-01 -8.226320578033043951e-01 1.442087069209282868e+00
-1.547794495565777639e+00 9.088687149339678140e-01 -1.645658595194077201e-01 -7.145144361504951469e-02 -2.684383940414676761e+00 6.018446554234480050e-01 8.483971514664756519e-02 -1.309057053603255305e-01 1.541883098984184963e+00 -1.528600076346969816e+00 -2.594862571830849340e-01 9.553209687774455450e-02 -2.135461924899460850e+00 4.322054596748292621e-02 -2.410929174359679017e+00 -2.016410157632497757e-02 2.496244542710361891e-01 -2.059269458123624830e+00 2.177612369534681624e-02 -6.009503669334947951e-02
1.547794495565775863e+00 -9.088687149339671478e-01 7.145144361504929265e-02 1.645658595194076090e-01 -6.018446554234492263e-01 2.684383940414676317e+00 1.309057053603261966e-01 -8.483971514664823133e-02 1.528600076346970482e+00 -1.541883098984184297e+00 1.288308238382692261e+00 -8.133366180562224823e-01 1.146719895825323576e-01 -1.970896065380054241e+00 -6.220087569997730936e-01 2.734547660549975223e-01 -1.928363752763297745e+00 1.647847391243879578e-01 1.468505039653620781e+00 -1.520106975288837425e+00
1.288308238382691595e+00 1.146719895825329266e-01 -8.133366180562223713e-01 -1.970896065380053797e+00 -1.520106975288836315e+00 -1.928363752763297745e+00 2.734547660549981329e-01 1.468505039653620337e+00 1.647847391243879023e-01 -6.220087569997737598e-01 1.547794495565774531e+00 7.145144361504929265e-02 -9.088687149339672589e-01 1.645658595194073870e-01 -1.541883098984183853e+00 1.309057053603250864e-01 2.684383940414679426e+00 1.528600076346970926e+00 -8.483971514664712110e-02 -6.018446554234485601e-01
-1.288308238382691817e+00 -1.146719895825329821e-01 1.970896065380053575e+00 8.133366180562233705e-01 1.928363752763297079e+00 1.520106975288836759e+00 -1.468505039653621669e+00 -2.734547660549968562e-01 6.220087569997737598e-01 -1.647847391243877635e-01 2.594862571830827136e-01 -4.322054596748348132e-02 2.135461924899464403e+00 -9.553209687774405490e-02 2.059269458123620833e+00 -2.177612369534737136e-02 6.009503669335058973e-02 2.410929174359681681e+00 2.016410157632553268e-02 -2.496244542710350789e-01
2.594862571830840459e-01 2.135461924899463515e+00 -4.322054596748348132e-02 -9.553209687774394387e-02 -2.496244542710353009e-01 6.009503669335014564e-02 -2.177612369534681624e-02 2.016410157632519962e-02 2.410929174359681237e+00 2.059269458123622165e+00 -1.288308238382692039e+00 1.970896065380053797e+00 -1.146719895825323576e-01 8.133366180562238146e-01 -1.647847391243889292e-01 -1.468505039653621225e+00 1.520106975288837203e+00 6.220087569997745369e-01 -2.734547660549973003e-01 1.928363752763299299e+00
-2.594862571830844900e-01 -2.135461924899463071e+00 9.553209687774466552e-02 4.322054596748303723e-02 -6.009503669334947951e-02 2.496244542710350789e-01 -2.016410157632564371e-02 2.177612369534720482e-02 -2.059269458123622165e+00 -2.410929174359678573e+00 -1.547794495565777417e+00 -1.645658595194089413e-01 9.088687149339673699e-01 -7.145144361504951469e-02 -1.528600076346970926e+00 8.483971514664756519e-02 6.018446554234471169e-01 1.541883098984185185e+00 -1.309057053603237541e-01 -2.684383940414676317e+00
