-0.000000000000000000e+00 -0.000000000000000000e+00 -0.000000000000000000e+00 -0.000000000000000000e+00 -4.597253852487426934e-02 -8.799533874010533330e-01 -8.799533874010523338e-01 -4.597253852487474118e-02 4.597253852487159786e-02 8.799533874010514456e-01 8.799533874010521117e-01 4.597253852487459547e-02
-0.000000000000000000e+00 -0.000000000000000000e+00 -0.000000000000000000e+00 -0.000000000000000000e+00 5.630923643746984369e-02 -2.421198530592512388e-01 4.559769152683337823e-01 5.353398886950359703e+00 -5.630923643746987839e-02 2.421198530592512110e-01 -4.559769152683337823e-01 -5.353398886950358815e+00
0.000000000000000000e+00 -0.000000000000000000e+00 0.000000000000000000e+00 0.000000000000000000e+00 5.353398886950360591e+00 4.559769152683334492e-01 -2.421198530592511555e-01 5.630923643746976043e-02 3.585590940368027502e-01 8.413030105765109123e-01 8.413030105765109123e-01 3.585590940368029167e-01
0.000000000000000000e+00 0.000000000000000000e+00 -0.000000000000000000e+00 0.000000000000000000e+00 -3.585590940368031942e-01 -8.413030105765105793e-01 -8.413030105765116895e-01 -3.585590940368029722e-01 -5.353398886950360591e+00 -4.559769152683343929e-01 2.421198530592509890e-01 -5.630923643746998941e-02
0.000000000000000000e+00 0.000000000000000000e+00 -0.000000000000000000e+00 -0.000000000000000000e+00 3.656663936210556853e-01 4.065939100421375407e+00 3.707740839849646974e-01 -1.373994448117386857e-01 2.349353850087976259e-02 -3.242629174339373699e-01 -8.735823541978490203e-01 -5.003630637507923140e-01
-0.000000000000000000e+00 -0.000000000000000000e+00 0.000000000000000000e+00 0.000000000000000000e+00 -2.349353850087946421e-02 3.242629174339374809e-01 8.735823541978487983e-01 5.003630637507920920e-01 -3.656663936210557964e-01 -4.065939100421375407e+00 -3.707740839849648085e-01 1.373994448117384914e-01
0.000000000000000000e+00 0.000000000000000000e+00 0.000000000000000000e+00 -0.000000000000000000e+00 5.003630637507918699e-01 8.735823541978482432e-01 3.242629174339375919e-01 -2.349353850087985626e-02 1.016549610880705279e+00 9.899260824740314657e-01 -8.108871202779077692e-02 -5.511438251869094085e-02
-0.000000000000000000e+00 0.000000000000000000e+00 0.000000000000000000e+00 0.000000000000000000e+00 -1.016549610880705723e+00 -9.899260824740315767e-01 8.108871202779099896e-02 5.511438251869097554e-02 -5.003630637507919809e-01 -8.735823541978485762e-01 -3.242629174339378140e-01 2.349353850087998463e-02
0.000000000000000000e+00 0.000000000000000000e+00 0.000000000000000000e+00 -0.000000000000000000e+00 5.511438251869105881e-02 8.108871202779115162e-02 -9.899260824740317988e-01 -1.016549610880705945e+00 1.373994448117380474e-01 -3.707740839849646974e-01 -4.065939100421377184e+00 -3.656663936210569066e-01
-0.000000000000000000e+00 0.000000000000000000e+00 0.000000000000000000e+00 0.000000000000000000e+00 -1.373994448117382972e-01 3.707740839849642533e-01 4.065939100421375407e+00 3.656663936210565735e-01 -5.511438251869099636e-02 -8.108871202779066589e-02 9.899260824740316878e-01 1.016549610880705945e+00
4.597253852487226400e-02 8.799533874010533330e-01 8.799533874010511125e-01 4.597253852487337422e-02 -4.597253852487426934e-02 -8.799533874010533330e-01 -8.799533874010523338e-01 -4.597253852487474118e-02 -0.000000000000000000e+00 -0.000000000000000000e+00 -0.000000000000000000e+00 -0.000000000000000000e+00
3.585590940368026391e-01 8.413030105765106903e-01 8.413030105765111344e-01 3.585590940368028612e-01 5.630923643746984369e-02 -2.421198530592512388e-01 4.559769152683337823e-01 5.353398886950359703e+00 0.000000000000000000e+00 -0.000000000000000000e+00 0.000000000000000000e+00 0.000000000000000000e+00
-5.630923643747015594e-02 2.421198530592516551e-01 -4.559769152683337268e-01 -5.353398886950357038e+00 5.353398886950360591e+00 4.559769152683334492e-01 -2.421198530592511555e-01 5.630923643746976043e-02 -0.000000000000000000e+00 -0.000000000000000000e+00 -0.000000000000000000e+00 -0.000000000000000000e+00
-5.353398886950360591e+00 -4.559769152683335047e-01 2.421198530592513221e-01 -5.630923643747026697e-02 -3.585590940368031942e-01 -8.413030105765105793e-01 -8.413030105765116895e-01 -3.585590940368029722e-01 0.000000000000000000e+00 0.000000000000000000e+00 -0.000000000000000000e+00 0.000000000000000000e+00
-5.511438251869110738e-02 -8.108871202779088794e-02 9.899260824740317988e-01 1.016549610880705501e+00 3.656663936210556853e-01 4.065939100421375407e+00 3.707740839849646974e-01 -1.373994448117386857e-01 -0.000000000000000000e+00 0.000000000000000000e+00 0.000000000000000000e+00 0.000000000000000000e+00
1.016549610880705501e+00 9.899260824740313547e-01 -8.108871202779072140e-02 -5.511438251869105187e-02 -2.349353850087946421e-02 3.242629174339374809e-01 8.735823541978487983e-01 5.003630637507920920e-01 0.000000000000000000e+00 0.000000000000000000e+00 0.000000000000000000e+00 -0.000000000000000000e+00
-3.656663936210559074e-01 -4.065939100421376295e+00 -3.707740839849653636e-01 1.373994448117389910e-01 5.003630637507918699e-01 8.735823541978482432e-01 3.242629174339375919e-01 -2.349353850087985626e-02 -0.000000000000000000e+00 -0.000000000000000000e+00 0.000000000000000000e+00 0.000000000000000000e+00
1.373994448117380474e-01 -3.707740839849649195e-01 -4.065939100421377184e+00 -3.656663936210577392e-01 -1.016549610880705723e+00 -9.899260824740315767e-01 8.108871202779099896e-02 5.511438251869097554e-02 0.000000000000000000e+00 0.000000000000000000e+00 0.000000000000000000e+00 -0.000000000000000000e+00
-5.003630637507923140e-01 -8.735823541978489093e-01 -3.242629174339380915e-01 2.349353850087931850e-02 5.511438251869105881e-02 8.108871202779115162e-02 -9.899260824740317988e-01 -1.016549610880705945e+00 -0.000000000000000000e+00 0.000000000000000000e+00 0.000000000000000000e+00 0.000000000000000000e+00
2.349353850087976259e-02 -3.242629174339376474e-01 -8.735823541978489093e-01 -5.003630637507923140e-01 -1.373994448117382972e-01 3.707740839849642533e-01 4.065939100421375407e+00 3.656663936210565735e-01 0.000000000000000000e+00 0.000000000000000000e+00 -0.000000000000000000e+00 -0.000000000000000000e+00
