-1.776356839400250465e-15 -1.184781546389734874e-02 1.184781546389712670e-02 1.149644544431532485e-15 5.100841211803908148e-02 -5.100841211803780473e-02 -1.474182489450774695e-16 1.151297464539993709e-01 -1.151297464540010917e-01 5.435043095093616827e-02 -5.435043095093528009e-02 1.407121056391161251e-02 -1.407121056391141822e-02 -5.233645464622327381e-01 5.233645464622380672e-01 -1.536773906404556023e-01 1.536773906404551582e-01 2.570605094564106657e-03 -2.570605094563856857e-03 -3.862942198459320409e-01 3.862942198459311527e-01
-3.907959250002492890e-01 -6.624945424959991058e+00 -3.789481095363522178e-01 1.250009078737255752e+00 2.280083840644501869e+00 1.199000666619211231e+00 -1.579829717822715418e+00 1.718984298467983063e+00 -1.694959464276728500e+00 -3.447704959684395831e+00 -1.132616538153569774e+00 4.158991075270026538e-01 -3.971069506146631234e+00 -1.146687748717476252e+00 4.702495384779374898e-01 1.765749279954611728e+00 -1.980033302851084809e+00 -6.718391933159271190e-01 1.379455060108676356e+00 -1.982603907945650334e+00 -8.255165839563793906e-01
3.907959250002508989e-01 3.789481095363507746e-01 6.624945424959982176e+00 -1.250009078737256862e+00 -1.199000666619211231e+00 -2.280083840644500981e+00 1.579829717822716084e+00 1.694959464276720951e+00 -1.718984298467977956e+00 1.132616538153567554e+00 3.447704959684398052e+00 3.971069506146633898e+00 -4.158991075270004334e-01 -4.702495384779373788e-01 1.146687748717476474e+00 1.980033302851083032e+00 -1.765749279954606843e+00 -1.379455060108675468e+00 6.718391933159253426e-01 8.255165839563816110e-01 1.982603907945649224e+00
6.106226635438360972e-16 6.337400611001686723e-02 -6.337400611001686723e-02 8.031769693772616847e-16 4.269150937223420428e-02 -4.269150937223398223e-02 5.828670879282071837e-16 -4.331349696741195743e-01 4.331349696741191302e-01 -1.160147285805004369e-01 1.160147285805003259e-01 -1.633977313888859695e-02 1.633977313888912430e-02 -3.103978381487678906e+00 3.103978381487677130e+00 -6.023134325523307187e-01 6.023134325523292754e-01 4.098423208410523211e-02 -4.098423208410524599e-02 -3.261586876043017558e+00 3.261586876043018002e+00
7.458482338413023605e-02 2.628160509607102568e-01 1.121081727411393780e-02 7.559046927943176009e-01 -5.927006741785961763e-01 7.132131834220867272e-01 -2.015875571138851630e+00 1.489021955035512379e+00 -1.582740601464732055e+00 3.048674743535817466e+00 -2.464205791293255787e-01 -1.128146313797127043e-01 -5.530363795186044040e-02 -2.300808059904375369e-01 -2.288293599602129191e-01 3.067696817189877301e+00 -1.457212497608712409e+00 1.690972562478150198e-01 -1.938900588531403679e-01 -1.498196729692817586e+00 -4.332161763045126457e-01
-7.458482338413024992e-02 -1.121081727411332718e-02 -2.628160509607090911e-01 -7.559046927943184890e-01 -7.132131834220853950e-01 5.927006741785961763e-01 2.015875571138852962e+00 1.582740601464733388e+00 -1.489021955035513267e+00 2.464205791293256620e-01 -3.048674743535817022e+00 5.530363795186088449e-02 1.128146313797133704e-01 2.288293599602137796e-01 2.300808059904373148e-01 1.457212497608711299e+00 -3.067696817189877745e+00 1.938900588531408120e-01 -1.690972562478155750e-01 4.332161763045138114e-01 1.498196729692816920e+00
1.110223024625156540e-16 -1.085917844031308310e-01 1.085917844031302759e-01 3.512815038853034366e-17 1.897220997324958525e+00 -1.897220997324959191e+00 -3.255859123973969815e-16 -1.677163906540023230e+00 1.677163906540023230e+00 -8.596925645528166182e-01 8.596925645528163962e-01 5.440207344093850317e-02 -5.440207344093872521e-02 -2.545683996737509447e-01 2.545683996737509447e-01 -1.946053466470735627e+00 1.946053466470736293e+00 -1.292927562127144103e-01 1.292927562127147434e-01 8.233886093483717694e-01 -8.233886093483712143e-01
6.276652230796012089e-02 1.329930625196189542e-01 1.713583067110912572e-01 1.762782971292227385e+00 -2.516851611096804220e-01 -1.344380260327318055e-01 3.375098359008021909e-01 5.361031151163577757e-01 2.014673742440824533e+00 2.088412819425186084e-01 1.544746525574743901e-01 -4.648733842413926842e-02 -4.572711773123216972e-02 1.000725791165356371e-01 -9.061799029769561642e-01 -8.110024374870528074e-01 -3.066469687021477597e+00 -2.046699325625569998e-02 1.238617186131757419e-02 -2.937176930808762521e+00 -1.966520459726989856e+00
-6.276652230796055110e-02 -1.713583067110914238e-01 -1.329930625196187877e-01 -1.762782971292227829e+00 1.344380260327309173e-01 2.516851611096790897e-01 -3.375098359008010807e-01 -2.014673742440823201e+00 -5.361031151163585529e-01 -1.544746525574746121e-01 -2.088412819425182754e-01 4.572711773123228074e-02 4.648733842413910189e-02 9.061799029769568303e-01 -1.000725791165356648e-01 3.066469687021477597e+00 8.110024374870532515e-01 -1.238617186131840686e-02 2.046699325625597754e-02 1.966520459726991632e+00 2.937176930808762965e+00
5.638787660962258919e-01 -6.435711762274942682e-01 -8.293037112415102552e-02 -1.602282303158075516e+00 -2.984410773091608959e+00 -2.291005147994291669e-01 8.686951219209340103e-01 -1.255251361892098849e+00 1.836144949592855236e+00 -5.495773128788598250e+00 -3.696008094456770809e-02 1.358859910045153718e-01 -1.828406748366719903e-01 1.537481158325938457e+00 -7.631829040206258297e-01 -2.576545213576010962e+00 8.752050243127003082e-01 -1.913078657612068412e-01 2.090073222751005488e-01 1.945095073965921850e+00 1.447095384029742915e+00
-5.638787660962256698e-01 8.293037112414936018e-02 6.435711762274933800e-01 1.602282303158074406e+00 2.291005147994262803e-01 2.984410773091604518e+00 -8.686951219209348984e-01 -1.836144949592857678e+00 1.255251361892101514e+00 3.696008094456665338e-02 5.495773128788601802e+00 1.828406748366688817e-01 -1.358859910045144836e-01 7.631829040206256076e-01 -1.537481158325936681e+00 -8.752050243127011964e-01 2.576545213576011850e+00 -2.090073222751001047e-01 1.913078657612063971e-01 -1.447095384029742915e+00 -1.945095073965918075e+00
1.054386126370647908e-01 -5.380437318307302874e-01 -3.680219666790048194e+00 1.815026209414758451e-01 1.461127747683370837e+00 1.903932731017075941e+00 -1.669256027319112379e+00 -8.311157661628940652e-01 1.290222903674385524e+00 -1.497595671923970029e+00 -3.513495655729333755e+00 6.625575886527484970e-01 6.348088323010439016e-01 -2.058104059090500315e-01 5.869314419955888595e-02 -1.938990010759347404e+00 6.512921943939724567e-01 2.532348030128181549e+00 -1.077173657462551004e+00 1.986458728978656718e-01 -8.837287229865662397e-01
-1.054386126370644855e-01 3.680219666790049082e+00 5.380437318307322858e-01 -1.815026209414769554e-01 -1.903932731017077939e+00 -1.461127747683368838e+00 1.669256027319114155e+00 -1.290222903674386634e+00 8.311157661628975069e-01 3.513495655729332423e+00 1.497595671923971805e+00 -6.348088323010454559e-01 -6.625575886527466096e-01 -5.869314419955847656e-02 2.058104059090518079e-01 -6.512921943939734559e-01 1.938990010759349625e+00 1.077173657462551226e+00 -2.532348030128181993e+00 8.837287229865672389e-01 -1.986458728978643951e-01
4.323790843017540908e+00 -2.250824151291319630e-02 -2.583503426549083049e-02 1.080478042074532574e+00 4.759789385795243355e-02 1.411545554747051789e-01 -3.497154178228656374e-02 -1.668889222737419131e-01 -3.757935575803506012e-02 6.992441490453460418e-02 1.283740717195807068e-01 -3.988548640196824813e-02 -2.173306325499108071e-02 4.833215540135852528e+00 3.696336330566001305e+00 -7.338007136657331841e-03 -3.699217265671894683e-01 -6.105063206568860090e-03 8.523698673864210651e-03 4.419718344783074571e-02 -8.602995166690750040e-01
-4.323790843017540020e+00 2.583503426549271786e-02 2.250824151291141995e-02 -1.080478042074532574e+00 -1.411545554747057896e-01 -4.759789385795132333e-02 3.497154178228667476e-02 3.757935575803683648e-02 1.668889222737407474e-01 -1.283740717195813730e-01 -6.992441490453393804e-02 2.173306325499091418e-02 3.988548640196804690e-02 -3.696336330566005302e+00 -4.833215540135848975e+00 3.699217265671905785e-01 7.338007136655555485e-03 -8.523698673865348630e-03 6.105063206569644185e-03 8.602995166690750040e-01 -4.419718344783074571e-02
-7.435344005603795603e-01 2.360343111552161144e-01 7.461235421215961505e-02 1.631933019043126709e+00 -5.668731514794806969e-01 -2.725161180419255480e-01 3.473709092846855029e-01 5.843076851710993225e-01 -2.316651281598125500e+00 -4.444624283854929914e-01 1.721059976031000804e-01 -1.950189925462453289e-02 7.738151424288541858e-02 -1.792118191561587581e+00 1.254991982640235371e+00 -5.270334427216464945e+00 3.035734035254550323e-02 1.520696327289483563e-02 -2.177295127148470844e-02 -1.304594042469120918e+00 -2.126144505532301388e+00
7.435344005603814477e-01 -7.461235421216017016e-02 -2.360343111552162254e-01 -1.631933019043126709e+00 2.725161180419273244e-01 5.668731514794798088e-01 -3.473709092846846147e-01 2.316651281598124612e+00 -5.843076851710979902e-01 -1.721059976031005245e-01 4.444624283854936575e-01 -7.738151424288541858e-02 1.950189925462431084e-02 -1.254991982640235593e+00 1.792118191561588247e+00 -3.035734035254739061e-02 5.270334427216471163e+00 2.177295127148548559e-02 -1.520696327289461358e-02 2.126144505532303608e+00 1.304594042469120474e+00
-1.455745060892415371e-02 6.754231316784260475e-01 1.131441631831736405e+00 3.092875356404690690e-01 -1.486111055075843179e+00 -1.785162312598995937e+00 1.465189302343413047e+00 1.232325765793397532e-01 -5.855562146507020671e-01 1.716067486810472387e+00 2.225878703277257120e+00 -2.092063132992075580e+00 -9.343157368770222959e-01 1.632362260414303018e-03 -1.829351098219406391e-01 1.331001573658217474e+00 7.342902662329028329e-01 1.292222738173379459e-01 1.982617009402718011e+00 -5.494803318802706782e-01 -5.438145675603146129e-02
1.455745060892393514e-02 -1.131441631831737071e+00 -6.754231316784262695e-01 -3.092875356404696241e-01 1.785162312598996159e+00 1.486111055075840737e+00 -1.465189302343412603e+00 5.855562146507017340e-01 -1.232325765793398920e-01 -2.225878703277255344e+00 -1.716067486810472165e+00 9.343157368770232951e-01 2.092063132992074692e+00 1.829351098219418881e-01 -1.632362260415097521e-03 -7.342902662329020558e-01 -1.331001573658218362e+00 -1.982617009402717789e+00 -1.292222738173383623e-01 5.438145675603271029e-02 5.494803318802710113e-01
-1.367475942986953186e+00 -6.005490360323650911e-02 6.811126888195384588e-02 2.352035464078474192e+00 -3.677141759854629655e-02 -1.458219639672843071e-01 1.248529479600524184e-03 8.514619792547133414e-01 -4.706034858640242291e-01 1.786953699420745778e-02 -3.206762457632130747e-01 7.605070475111511130e-02 1.082911221884197417e-02 2.536525561377571236e+00 -2.303260217520139985e+00 5.342733686073775079e-01 1.435274961295855967e-01 -2.640753118909566766e-02 2.402411640348467436e-02 5.141112153399133966e+00 -7.125173149614173473e-01
1.367475942986952075e+00 -6.811126888195356832e-02 6.005490360323662014e-02 -2.352035464078478189e+00 1.458219639672835299e-01 3.677141759854585246e-02 -1.248529479601856451e-03 4.706034858640233409e-01 -8.514619792547080124e-01 3.206762457632128527e-01 -1.786953699420879005e-02 -1.082911221884153008e-02 -7.605070475111617989e-02 2.303260217520141317e+00 -2.536525561377569016e+00 -1.435274961295820439e-01 -5.342733686073759536e-01 -2.402411640348517397e-02 2.640753118909633379e-02 7.125173149614176804e-01 -5.141112153399132190e+00
-6.624945424959961748e+00 -3.907959250002505658e-01 -3.789481095363550489e-01 2.280083840644507642e+00 1.250009078737253754e+00 1.199000666619215671e+00 1.718984298467981509e+00 -1.579829717822723856e+00 -1.694959464276726058e+00 4.702495384779372678e-01 4.158991075270024318e-01 -1.132616538153566221e+00 -1.146687748717476696e+00 -3.971069506146641892e+00 -3.447704959684407822e+00 -8.255165839563859409e-01 -6.718391933159297835e-01 -1.980033302851085475e+00 -1.982603907945651001e+00 1.379455060108681685e+00 1.765749279954612838e+00
-1.184781546389734874e-02 -5.435016043990603674e-14 1.184781546389901408e-02 5.100841211803669450e-02 -1.175605836636894885e-14 -5.100841211804368891e-02 1.151297464540095850e-01 -1.813328133482006166e-15 -1.151297464539977056e-01 5.233645464622558308e-01 1.407121056390886471e-02 -5.435043095093705645e-02 -5.233645464622060928e-01 -1.407121056390923941e-02 5.435043095093483601e-02 3.862942198459231591e-01 2.570605094564699933e-03 1.536773906404600432e-01 -3.862942198459400345e-01 -2.570605094566066895e-03 -1.536773906404507173e-01
3.789481095363527730e-01 3.907959250002508433e-01 6.624945424959977736e+00 -1.199000666619218336e+00 -1.250009078737255752e+00 -2.280083840644507198e+00 1.694959464276719396e+00 1.579829717822719637e+00 -1.718984298467977512e+00 1.146687748717477140e+00 3.971069506146633898e+00 3.447704959684399384e+00 -4.702495384779354914e-01 -4.158991075270004334e-01 1.132616538153564889e+00 1.982603907945647892e+00 -1.379455060108679909e+00 -1.765749279954607065e+00 8.255165839563839425e-01 6.718391933159217899e-01 1.980033302851084365e+00
2.628160509607099793e-01 7.458482338413012502e-02 1.121081727411382678e-02 -5.927006741785965094e-01 7.559046927943189331e-01 7.132131834220845068e-01 1.489021955035511713e+00 -2.015875571138850741e+00 -1.582740601464731389e+00 -2.288293599602135575e-01 -1.128146313797138145e-01 -2.464205791293254677e-01 -2.300808059904365099e-01 -5.530363795186044040e-02 3.048674743535817022e+00 -4.332161763045146996e-01 1.690972562478156860e-01 -1.457212497608710189e+00 -1.498196729692816476e+00 -1.938900588531407010e-01 3.067696817189876857e+00
6.337400611001781092e-02 9.939423416260861899e-16 -6.337400611001642314e-02 4.269150937223264997e-02 2.508735406914208710e-15 -4.269150937223131770e-02 -4.331349696741200184e-01 9.885755408722829429e-16 4.331349696741200184e-01 3.103978381487678018e+00 -1.633977313888826388e-02 1.160147285805007700e-01 -3.103978381487677574e+00 1.633977313888773653e-02 -1.160147285804995487e-01 3.261586876043018890e+00 4.098423208410505170e-02 6.023134325523294974e-01 -3.261586876043018890e+00 -4.098423208410618968e-02 -6.023134325523282762e-01
-1.121081727411282758e-02 -7.458482338413081891e-02 -2.628160509607098128e-01 -7.132131834220851729e-01 -7.559046927943192662e-01 5.927006741785958432e-01 1.582740601464732499e+00 2.015875571138854738e+00 -1.489021955035513267e+00 2.300808059904372316e-01 5.530363795186121756e-02 -3.048674743535815246e+00 2.288293599602140849e-01 1.128146313797128153e-01 2.464205791293256342e-01 1.498196729692816698e+00 1.938900588531409230e-01 -3.067696817189877301e+00 4.332161763045143110e-01 -1.690972562478150198e-01 1.457212497608711743e+00
1.329930625196195093e-01 6.276652230795941312e-02 1.713583067110910907e-01 -2.516851611096799779e-01 1.762782971292227829e+00 -1.344380260327322496e-01 5.361031151163577757e-01 3.375098359008015247e-01 2.014673742440826310e+00 -9.061799029769546099e-01 -4.648733842413860229e-02 1.544746525574735019e-01 1.000725791165358730e-01 -4.572711773123205869e-02 2.088412819425178868e-01 -1.966520459726992076e+00 -2.046699325625604693e-02 -3.066469687021475821e+00 -2.937176930808763853e+00 1.238617186131901748e-02 -8.110024374870525854e-01
-1.085917844031308865e-01 8.607481047362419702e-16 1.085917844031306090e-01 1.897220997324957859e+00 3.907464629637757980e-16 -1.897220997324958081e+00 -1.677163906540022786e+00 -9.306791448615570062e-16 1.677163906540023008e+00 2.545683996737496124e-01 5.440207344093872521e-02 8.596925645528163962e-01 -2.545683996737507782e-01 -5.440207344093872521e-02 -8.596925645528162852e-01 -8.233886093483703261e-01 -1.292927562127146324e-01 1.946053466470734961e+00 8.233886093483708812e-01 1.292927562127144103e-01 -1.946053466470734961e+00
-1.713583067110914793e-01 -6.276652230796062049e-02 -1.329930625196188987e-01 1.344380260327311394e-01 -1.762782971292228273e+00 2.516851611096795338e-01 -2.014673742440824533e+00 -3.375098359008013027e-01 -5.361031151163593300e-01 -1.000725791165364836e-01 4.572711773123172563e-02 -2.088412819425176647e-01 9.061799029769562752e-01 4.648733842413921291e-02 -1.544746525574739460e-01 2.937176930808762521e+00 -1.238617186131818482e-02 8.110024374870521413e-01 1.966520459726992076e+00 2.046699325625503385e-02 3.066469687021477153e+00
2.583503426549416115e-02 -4.323790843017537355e+00 2.250824151291297426e-02 -1.411545554747024589e-01 -1.080478042074528133e+00 -4.759789385795487604e-02 3.757935575804038919e-02 3.497154178228961685e-02 1.668889222737380829e-01 -4.833215540135850752e+00 2.173306325499074765e-02 -6.992441490453460418e-02 -3.696336330566007078e+00 3.988548640196684647e-02 -1.283740717195804848e-01 -4.419718344782719299e-02 -8.523698673865154340e-03 7.338007136657331841e-03 8.602995166690750040e-01 6.105063206570247869e-03 3.699217265671916888e-01
-5.380437318307326189e-01 1.054386126370645965e-01 -3.680219666790047306e+00 1.461127747683371947e+00 1.815026209414739300e-01 1.903932731017076607e+00 -8.311157661628930660e-01 -1.669256027319113489e+00 1.290222903674384858e+00 5.869314419955805329e-02 6.625575886527489411e-01 -3.513495655729331979e+00 -2.058104059090505589e-01 6.348088323010452338e-01 -1.497595671923969363e+00 -8.837287229865650184e-01 2.532348030128181993e+00 6.512921943939724567e-01 1.986458728978631738e-01 -1.077173657462550338e+00 -1.938990010759348293e+00
8.293037112415135859e-02 -5.638787660962251147e-01 6.435711762274936021e-01 2.291005147994267244e-01 1.602282303158076626e+00 2.984410773091608959e+00 -1.836144949592858566e+00 -8.686951219209362307e-01 1.255251361892103068e+00 -1.537481158325937125e+00 1.828406748366711021e-01 5.495773128788599138e+00 7.631829040206250525e-01 -1.358859910045153718e-01 3.696008094456759707e-02 -1.945095073965918964e+00 -2.090073222751027693e-01 2.576545213576010074e+00 -1.447095384029741805e+00 1.913078657612077293e-01 -8.752050243127018625e-01
-2.250824151291486164e-02 4.323790843017549790e+00 -2.583503426549238480e-02 4.759789385794976901e-02 1.080478042074529021e+00 1.411545554747055953e-01 -1.668889222737439670e-01 -3.497154178228745192e-02 -3.757935575803372785e-02 3.696336330565998196e+00 -3.988548640196707545e-02 1.283740717195811509e-01 4.833215540135848975e+00 -2.173306325498991498e-02 6.992441490453638053e-02 -8.602995166690741158e-01 -6.105063206569866230e-03 -3.699217265671921329e-01 4.419718344783429842e-02 8.523698673863766562e-03 -7.338007136657775931e-03
3.680219666790044641e+00 -1.054386126370630838e-01 5.380437318307342842e-01 -1.903932731017076607e+00 -1.815026209414718206e-01 -1.461127747683369948e+00 -1.290222903674386190e+00 1.669256027319114821e+00 8.311157661628957305e-01 2.058104059090500038e-01 -6.348088323010457890e-01 1.497595671923970251e+00 -5.869314419955831696e-02 -6.625575886527478309e-01 3.513495655729333311e+00 -1.986458728978646171e-01 1.077173657462552558e+00 1.938990010759349625e+00 8.837287229865673499e-01 -2.532348030128182437e+00 -6.512921943939733449e-01
-6.435711762274953784e-01 5.638787660962247816e-01 -8.293037112415169165e-02 -2.984410773091607183e+00 -1.602282303158077292e+00 -2.291005147994265023e-01 -1.255251361892099959e+00 8.686951219209322339e-01 1.836144949592857678e+00 -7.631829040206260517e-01 1.358859910045167041e-01 -3.696008094456698645e-02 1.537481158325937791e+00 -1.828406748366688817e-01 -5.495773128788594697e+00 1.447095384029742693e+00 -1.913078657612086175e-01 8.752050243127014184e-01 1.945095073965919408e+00 2.090073222751009929e-01 -2.576545213576010962e+00
-6.811126888195434548e-02 1.367475942986950521e+00 6.005490360323573196e-02 1.458219639672839740e-01 -2.352035464078479965e+00 3.677141759854407610e-02 4.706034858640251173e-01 -1.248529479603188719e-03 -8.514619792547115651e-01 -2.536525561377567684e+00 -1.082911221884064190e-02 -1.786953699420967823e-02 2.303260217520141762e+00 -7.605070475111504191e-02 3.206762457632124086e-01 -5.141112153399127749e+00 -2.402411640348639521e-02 -5.342733686073768418e-01 7.125173149614169033e-01 2.640753118909761055e-02 -1.435274961295847085e-01
6.754231316784264916e-01 -1.455745060892405830e-02 1.131441631831736849e+00 -1.486111055075843179e+00 3.092875356404716780e-01 -1.785162312598996603e+00 1.232325765793385736e-01 1.465189302343413935e+00 -5.855562146507015120e-01 -1.829351098219417215e-01 -2.092063132992075580e+00 2.225878703277255788e+00 1.632362260415909372e-03 -9.343157368770227400e-01 1.716067486810472165e+00 -5.438145675603217599e-02 1.292222738173380570e-01 7.342902662329026109e-01 -5.494803318802701231e-01 1.982617009402717567e+00 1.331001573658217030e+00
-7.461235421216039221e-02 7.435344005603825579e-01 -2.360343111552155593e-01 2.725161180419268803e-01 -1.631933019043125599e+00 5.668731514794815851e-01 2.316651281598127277e+00 -3.473709092846828383e-01 -5.843076851711013209e-01 1.792118191561586471e+00 -7.738151424288552960e-02 4.444624283854925473e-01 -1.254991982640235815e+00 1.950189925462231244e-02 -1.721059976030985261e-01 1.304594042469122028e+00 2.177295127148537457e-02 5.270334427216465834e+00 2.126144505532300499e+00 -1.520696327289527972e-02 -3.035734035254711305e-02
-6.005490360323706422e-02 -1.367475942986955850e+00 6.811126888195379037e-02 -3.677141759854274383e-02 2.352035464078473304e+00 -1.458219639672854173e-01 8.514619792547133414e-01 1.248529479602744630e-03 -4.706034858640242291e-01 -2.303260217520140429e+00 7.605070475111462558e-02 -3.206762457632119645e-01 2.536525561377569460e+00 1.082911221884175212e-02 1.786953699420879005e-02 -7.125173149614170143e-01 -2.640753118909600072e-02 1.435274961295824880e-01 5.141112153399133078e+00 2.402411640348484090e-02 5.342733686073763977e-01
-1.131441631831736183e+00 1.455745060892303135e-02 -6.754231316784269357e-01 1.785162312598994827e+00 -3.092875356404722331e-01 1.486111055075840959e+00 5.855562146507020671e-01 -1.465189302343412159e+00 -1.232325765793398364e-01 -1.632362260415274463e-03 9.343157368770231841e-01 -1.716067486810470832e+00 1.829351098219418881e-01 2.092063132992076024e+00 -2.225878703277255344e+00 5.494803318802712333e-01 -1.982617009402718233e+00 -1.331001573658216586e+00 5.438145675603081597e-02 -1.292222738173378349e-01 -7.342902662329000574e-01
2.360343111552173356e-01 -7.435344005603794493e-01 7.461235421216094732e-02 -5.668731514794815851e-01 1.631933019043128263e+00 -2.725161180419228835e-01 5.843076851711002107e-01 3.473709092846837265e-01 -2.316651281598125500e+00 1.254991982640236259e+00 -1.950189925462364471e-02 1.721059976030994143e-01 -1.792118191561587803e+00 7.738151424288430835e-02 -4.444624283854941016e-01 -2.126144505532301388e+00 1.520696327289483563e-02 3.035734035254683549e-02 -1.304594042469122472e+00 -2.177295127148370923e-02 -5.270334427216468498e+00
