-1.050375064703956696e-15 3.842657907935331796e-02 -2.775557561562891351e-17 -3.842657907935398409e-02 4.826420338886805439e-02 -2.220446049250313081e-16 6.383782391594650107e-16 -4.826420338886652783e-02 -4.826420338886894257e-02 4.826420338886691641e-02
6.831528089443569263e-01 -2.044954793337812049e+00 6.831528089443573704e-01 6.447262298650033863e-01 -1.713154358543648392e+00 1.713378612589457006e+00 -1.761418561932516003e+00 1.665114409200588952e+00 1.665114409200590062e+00 -1.713154358543646838e+00
2.341876692568689577e-16 3.842657907935376205e-02 1.949829186997931174e-15 -3.842657907935442818e-02 4.826420338886794337e-02 -6.935424456955274763e-15 -8.881784197001252323e-16 -4.826420338886494577e-02 -4.826420338886544537e-02 4.826420338886805439e-02
-6.831528089443564822e-01 -6.447262298650042744e-01 -6.831528089443564822e-01 2.044954793337812049e+00 -1.665114409200589174e+00 -1.713378612589453454e+00 1.761418561932516891e+00 1.713154358543647282e+00 1.713154358543648836e+00 -1.665114409200589396e+00
-1.242718381183361087e+00 -7.944182540318089902e-02 1.338789305556838949e-01 7.192009092320483798e-02 -1.750033698525933934e+00 -1.482100497097780245e+00 -9.883340641698090678e-02 1.690997950112085313e-01 -1.559921476987360389e+00 -2.101242652740205330e-02
-2.758210326803123280e-16 6.195883963247783566e-02 -1.202163368851927316e-15 -6.195883963247827975e-02 7.782097988957947798e-02 -9.705777848090235693e-16 2.255140518769849223e-16 -7.782097988958014412e-02 -7.782097988957970003e-02 7.782097988957992207e-02
-5.516420653606246560e-16 1.163276555780182520e+00 -3.677613769070831040e-16 -1.163276555780181631e+00 1.461088070570378816e+00 -4.649058915617843013e-16 -1.665334536937734811e-16 -1.461088070570378816e+00 -1.461088070570378594e+00 1.461088070570378150e+00
-1.338789305556824238e-01 -7.192009092320539310e-02 1.242718381183361087e+00 7.944182540317967778e-02 -1.690997950112080872e-01 1.482100497097781355e+00 9.883340641698068474e-02 1.750033698525934378e+00 2.101242652740173411e-02 1.559921476987359057e+00
1.242718381183363086e+00 -7.192009092320450492e-02 -1.338789305556832565e-01 7.944182540317923369e-02 1.559921476987359057e+00 1.482100497097780689e+00 9.883340641698157292e-02 2.101242652740130390e-02 1.750033698525935044e+00 -1.690997950112081427e-01
1.338789305556825349e-01 -7.944182540317856756e-02 -1.242718381183360643e+00 7.192009092320483798e-02 -2.101242652740173411e-02 -1.482100497097779801e+00 -9.883340641698046269e-02 -1.559921476987360389e+00 1.690997950112078096e-01 -1.750033698525933934e+00
-1.938553484404081928e-15 3.868433351428279821e-16 3.842657907935387307e-02 -3.842657907935420614e-02 -2.029626466892864300e-15 4.826420338886849848e-02 -4.826420338886711070e-02 -4.787836793695987581e-16 -4.826420338886494577e-02 4.826420338886722172e-02
-5.846018114041839908e-16 -2.081668171172168513e-15 3.842657907935431716e-02 -3.842657907935398409e-02 -1.700029006457270953e-15 4.826420338886691641e-02 -4.826420338886716621e-02 -2.498001805406602216e-16 -4.826420338886627803e-02 4.826420338886894257e-02
6.831528089443561491e-01 6.831528089443572593e-01 -2.044954793337808052e+00 6.447262298650026091e-01 1.713378612589456562e+00 -1.713154358543651057e+00 1.665114409200588508e+00 -1.761418561932515559e+00 1.665114409200589396e+00 -1.713154358543647504e+00
-6.831528089443568152e-01 -6.831528089443579255e-01 -6.447262298650026091e-01 2.044954793337811605e+00 -1.713378612589455230e+00 -1.665114409200588064e+00 1.713154358543650169e+00 1.761418561932516225e+00 1.713154358543647726e+00 -1.665114409200589396e+00
5.958775139980332369e-16 -1.834470075845473502e-15 6.195883963247850179e-02 -6.195883963247805770e-02 7.199102425303749442e-16 7.782097988958014412e-02 -7.782097988957970003e-02 -7.979727989493312634e-17 -7.782097988958125434e-02 7.782097988957992207e-02
-1.242718381183360865e+00 1.338789305556824516e-01 -7.944182540318034391e-02 7.192009092320483798e-02 -1.482100497097780467e+00 -1.750033698525935266e+00 1.690997950112085868e-01 -9.883340641698090678e-02 -1.559921476987359501e+00 -2.101242652740177574e-02
-1.338789305556834230e-01 1.242718381183362641e+00 -7.192009092320561514e-02 7.944182540317978880e-02 1.482100497097780911e+00 -1.690997950112076986e-01 1.750033698525933268e+00 9.883340641698112883e-02 2.101242652740112349e-02 1.559921476987358613e+00
-4.232725281383409310e-16 -5.412337245047638135e-16 1.163276555780181187e+00 -1.163276555780181631e+00 -3.608224830031758756e-16 1.461088070570378816e+00 -1.461088070570378372e+00 5.551115123125782702e-17 -1.461088070570378372e+00 1.461088070570378150e+00
1.242718381183362863e+00 -1.338789305556822296e-01 -7.192009092320461594e-02 7.944182540317967778e-02 1.482100497097780467e+00 1.559921476987359279e+00 2.101242652740153982e-02 9.883340641698112883e-02 1.750033698525936376e+00 -1.690997950112083092e-01
1.338789305556825904e-01 -1.242718381183360643e+00 -7.944182540317923369e-02 7.192009092320483798e-02 -1.482100497097780689e+00 -2.101242652740084593e-02 -1.559921476987359501e+00 -9.883340641698135087e-02 1.690997950112080317e-01 -1.750033698525933934e+00
-2.044954793337811605e+00 6.831528089443554830e-01 6.831528089443557050e-01 6.447262298650024981e-01 -1.713154358543648392e+00 -1.713154358543647948e+00 1.665114409200589396e+00 1.665114409200588508e+00 -1.761418561932515114e+00 1.713378612589455452e+00
3.842657907935398409e-02 -2.081668171172168513e-15 2.428612866367529932e-17 -3.842657907935442818e-02 4.826420338886805439e-02 4.826420338886686090e-02 -4.826420338886849848e-02 -4.826420338886644457e-02 -3.330669073875469621e-16 8.881784197001252323e-16
3.842657907935376205e-02 5.134781488891348999e-16 1.949829186997931174e-15 -3.842657907935465023e-02 4.826420338886747152e-02 4.826420338886405759e-02 -4.826420338886699968e-02 -4.826420338886672212e-02 9.436895709313830594e-16 -6.661338147750939243e-16
-6.447262298650024981e-01 -6.831528089443585916e-01 -6.831528089443568152e-01 2.044954793337812049e+00 -1.665114409200589174e+00 -1.665114409200587842e+00 1.713154358543649725e+00 1.713154358543647282e+00 1.761418561932516447e+00 -1.713378612589454786e+00
-7.944182540317978880e-02 -1.242718381183361753e+00 1.338789305556839782e-01 7.192009092320506003e-02 -1.750033698525933490e+00 -2.101242652740172023e-02 -1.559921476987358835e+00 1.690997950112080872e-01 -9.883340641698157292e-02 -1.482100497097780023e+00
-7.944182540318001085e-02 1.338789305556831455e-01 -1.242718381183361531e+00 7.192009092320483798e-02 -2.101242652740142880e-02 -1.750033698525934822e+00 1.690997950112079207e-01 -1.559921476987359279e+00 -9.883340641698090678e-02 -1.482100497097780467e+00
-7.192009092320450492e-02 1.242718381183362641e+00 -1.338789305556845055e-01 7.944182540317967778e-02 1.559921476987360167e+00 -1.690997950112074766e-01 1.750033698525933268e+00 2.101242652740151207e-02 9.883340641698179496e-02 1.482100497097779801e+00
-7.192009092320428287e-02 -1.338789305556832565e-01 1.242718381183361531e+00 7.944182540317956676e-02 -1.690997950112083092e-01 1.559921476987359723e+00 2.101242652740131778e-02 1.750033698525935266e+00 9.883340641698068474e-02 1.482100497097780911e+00
1.163276555780181631e+00 8.656270145124267401e-16 1.301042606982605321e-16 -1.163276555780181409e+00 1.461088070570377262e+00 1.461088070570377706e+00 -1.461088070570377262e+00 -1.461088070570378372e+00 1.387778780781445676e-16 -2.983724378680108202e-16
6.195883963247783566e-02 2.031794871237835309e-16 4.137315490204684920e-16 -6.195883963247805770e-02 7.782097988957925594e-02 7.782097988958081025e-02 -7.782097988957970003e-02 -7.782097988958036616e-02 -6.938893903907228378e-18 9.228728892196613742e-16
