5.081580409017544264e-02 -1.242883443549132327e-02 1.277362792917128065e+00 -1.135060080460381648e-02 2.039085112673100220e-02 -2.715144289883592021e-02 -1.074876920565578514e-01 3.621578131742777540e-01 -3.038871981994595295e-03 -5.994644592904968539e-03 -6.723301193964521527e-01 2.514627884468432217e-01 4.705260855827414490e-02 -1.805392485472567254e-01 1.107879640066766758e-02
8.730963130269300820e-02 2.066118346088674507e-02 1.539912197902718050e-02 3.056969514972455726e-01 1.661907203849366521e-02 -6.974449061221754675e-01 2.170218639355192547e-01 3.130711975709349337e-01 -2.742354100263205696e-02 9.316048215090327878e-03 -2.716967136714201203e-01 1.405330406298150425e+00 -8.515380986958123732e-02 -2.389821452946307434e-01 -6.972436033760184837e-02
1.067893819824539681e-01 -3.258815541097026536e-02 -3.258815541097022372e-02 5.133997618360754966e-01 -5.647500511335564743e-01 -5.647500511335566964e-01 1.446419140262625191e+00 1.033618406535254108e-01 1.033618406535254386e-01 4.349218472271699359e-02 4.349218472271695890e-02 1.096948080323158492e-01 1.096948080323158492e-01 -1.925147689046085020e-01 -1.925147689046086130e-01
8.730963130269261963e-02 1.539912197902709723e-02 2.066118346088685609e-02 3.056969514972450730e-01 -6.974449061221748014e-01 1.661907203849427583e-02 2.170218639355195878e-01 -2.742354100263183492e-02 3.130711975709348227e-01 -2.716967136714200648e-01 9.316048215090494411e-03 -8.515380986958120957e-02 1.405330406298150425e+00 -6.972436033760218144e-02 -2.389821452946311042e-01
5.081580409017566469e-02 1.277362792917126733e+00 -1.242883443549144817e-02 -1.135060080460326137e-02 -2.715144289883675288e-02 2.039085112673089117e-02 -1.074876920565583788e-01 -3.038871981994650806e-03 3.621578131742780871e-01 -6.723301193964520417e-01 -5.994644592904815883e-03 4.705260855827453348e-02 2.514627884468451091e-01 1.107879640066755655e-02 -1.805392485472571140e-01
-1.242883443549111511e-02 1.277362792917128509e+00 5.081580409017563693e-02 2.039085112673055811e-02 -2.715144289883575368e-02 -1.135060080460381648e-02 3.621578131742780315e-01 -3.038871981994678562e-03 -1.074876920565576155e-01 2.514627884468428887e-01 1.107879640066761207e-02 -1.805392485472568365e-01 -6.723301193964521527e-01 -5.994644592905051805e-03 4.705260855827433919e-02
2.066118346088688384e-02 1.539912197902726376e-02 8.730963130269284167e-02 1.661907203849427583e-02 -6.974449061221744683e-01 3.056969514972450730e-01 3.130711975709351003e-01 -2.742354100263211247e-02 2.170218639355193380e-01 1.405330406298150203e+00 -6.972436033760200103e-02 -2.389821452946305769e-01 -2.716967136714199538e-01 9.316048215090022566e-03 -8.515380986958143161e-02
-3.258815541097032087e-02 -3.258815541097032087e-02 1.067893819824540513e-01 -5.647500511335564743e-01 -5.647500511335565854e-01 5.133997618360756077e-01 1.033618406535254941e-01 1.033618406535256329e-01 1.446419140262625191e+00 1.096948080323157382e-01 -1.925147689046086130e-01 -1.925147689046085020e-01 4.349218472271682012e-02 4.349218472271671604e-02 1.096948080323159186e-01
1.539912197902707988e-02 2.066118346088691160e-02 8.730963130269270289e-02 -6.974449061221752455e-01 1.661907203849388726e-02 3.056969514972452950e-01 -2.742354100263216798e-02 3.130711975709348782e-01 2.170218639355198098e-01 -8.515380986958154264e-02 -2.389821452946309099e-01 -6.972436033760220919e-02 9.316048215090175222e-03 -2.716967136714196762e-01 1.405330406298150869e+00
1.277362792917127399e+00 -1.242883443549121225e-02 5.081580409017555366e-02 -2.715144289883569817e-02 2.039085112673061362e-02 -1.135060080460315035e-02 -3.038871981995039384e-03 3.621578131742780871e-01 -1.074876920565580318e-01 4.705260855827420041e-02 -1.805392485472568920e-01 1.107879640066755655e-02 -5.994644592905329361e-03 -6.723301193964517086e-01 2.514627884468440544e-01
-1.242883443549147593e-02 5.081580409017572020e-02 1.277362792917128287e+00 2.039085112673000300e-02 -1.135060080460337240e-02 -2.715144289883569817e-02 3.621578131742780315e-01 -1.074876920565579486e-01 -3.038871981994678562e-03 1.107879640066772309e-02 2.514627884468431107e-01 -6.723301193964521527e-01 -1.805392485472567810e-01 4.705260855827425592e-02 -5.994644592905107316e-03
2.066118346088691160e-02 8.730963130269267514e-02 1.539912197902730540e-02 1.661907203849427583e-02 3.056969514972450175e-01 -6.974449061221749124e-01 3.130711975709352668e-01 2.170218639355191159e-01 -2.742354100263244554e-02 -6.972436033760177898e-02 1.405330406298150425e+00 -2.716967136714198428e-01 -2.389821452946307989e-01 -8.515380986958109855e-02 9.316048215090216855e-03
-3.258815541097018903e-02 1.067893819824539681e-01 -3.258815541097043189e-02 -5.647500511335562523e-01 5.133997618360751636e-01 -5.647500511335570295e-01 1.033618406535254386e-01 1.446419140262625413e+00 1.033618406535251610e-01 -1.925147689046085020e-01 1.096948080323158770e-01 4.349218472271682012e-02 -1.925147689046085298e-01 1.096948080323160574e-01 4.349218472271699359e-02
1.539912197902719784e-02 8.730963130269282779e-02 2.066118346088682833e-02 -6.974449061221750235e-01 3.056969514972448509e-01 1.661907203849385950e-02 -2.742354100263189043e-02 2.170218639355196433e-01 3.130711975709348227e-01 -2.389821452946308822e-01 -8.515380986958137610e-02 9.316048215090258489e-03 -6.972436033760193164e-02 1.405330406298150425e+00 -2.716967136714197317e-01
1.277362792917127399e+00 5.081580409017572020e-02 -1.242883443549135103e-02 -2.715144289883580919e-02 -1.135060080460359444e-02 2.039085112673089117e-02 -3.038871981995039384e-03 -1.074876920565579208e-01 3.621578131742778650e-01 -1.805392485472572250e-01 4.705260855827450572e-02 -5.994644592905051805e-03 1.107879640066755655e-02 2.514627884468441654e-01 -6.723301193964520417e-01
