3.766849869423851693e-01 9.249186854440409888e-01 1.205841535663668029e+00 9.249186854440405448e-01 3.766849869423853914e-01 -4.818322849606393454e-02 2.000701995511129372e-01 -5.278601076465123665e-01 8.184252285140931615e-01 1.156541911598333883e+01 -3.407068760902742799e-02 1.414709948159379449e-01 -3.732534616347098488e-01 5.787140289764644008e-01 8.177986284176341769e+00
-3.407068760902798310e-02 1.414709948159385000e-01 -3.732534616347091827e-01 5.787140289764642898e-01 8.177986284176341769e+00 1.156541911598334416e+01 8.184252285140947158e-01 -5.278601076465134767e-01 2.000701995511127151e-01 -4.818322849606437863e-02 3.766849869423851693e-01 9.249186854440418770e-01 1.205841535663667585e+00 9.249186854440406558e-01 3.766849869423853914e-01
8.177986284176347098e+00 5.787140289764665102e-01 -3.732534616347091827e-01 1.414709948159383890e-01 -3.407068760902809412e-02 5.327130172762539750e-01 1.308032549047257298e+00 1.705317453808358419e+00 1.308032549047256854e+00 5.327130172762528648e-01 8.177986284176348875e+00 5.787140289764666212e-01 -3.732534616347105150e-01 1.414709948159380559e-01 -3.407068760902798310e-02
3.078013091636333520e-02 4.044323368695613707e-01 9.758930126717723086e-01 4.044323368695614818e-01 3.078013091636344623e-02 1.506291178232739281e-01 2.541820282841517065e-02 -1.658732430060728458e+00 -1.591429826927075908e+00 -2.150303566233592867e-01 1.065108706569842800e-01 1.797338358554745330e-02 -1.172900949469981802e+00 -1.125310822402668887e+00 -1.520494233293390451e-01
1.065108706569843910e-01 1.797338358554734228e-02 -1.172900949469981580e+00 -1.125310822402668665e+00 -1.520494233293389064e-01 -2.150303566233582320e-01 -1.591429826927074798e+00 -1.658732430060728902e+00 2.541820282841433798e-02 1.506291178232738170e-01 3.078013091636289111e-02 4.044323368695616483e-01 9.758930126717718645e-01 4.044323368695615928e-01 3.078013091636322418e-02
-1.520494233293386843e-01 -1.125310822402668887e+00 -1.172900949469981580e+00 1.797338358554700921e-02 1.065108706569843910e-01 4.352967859353995550e-02 5.719536958631776802e-01 1.380121133945558798e+00 5.719536958631781243e-01 4.352967859354006652e-02 -1.520494233293384068e-01 -1.125310822402667998e+00 -1.172900949469981802e+00 1.797338358554700921e-02 1.065108706569844466e-01
-2.111687061258067377e-01 6.143808272731023923e-01 5.454458520792600851e+00 6.143808272731032805e-01 -2.111687061258079035e-01 8.282185224433926685e-01 1.516371255304402643e+00 4.466863034138417454e-01 -1.545117954668107085e-01 -8.273641112673479903e-02 5.856389335240256289e-01 1.072236397422100751e+00 3.158549142070793403e-01 -1.092563383478911687e-01 -5.850347735875227606e-02
5.856389335240260730e-01 1.072236397422100751e+00 3.158549142070792293e-01 -1.092563383478907801e-01 -5.850347735875222055e-02 -8.273641112673445208e-02 -1.545117954668120408e-01 4.466863034138420230e-01 1.516371255304402421e+00 8.282185224433931126e-01 -2.111687061258066267e-01 6.143808272731021702e-01 5.454458520792601739e+00 6.143808272731035025e-01 -2.111687061258074316e-01
-5.850347735875249811e-02 -1.092563383478915018e-01 3.158549142070792293e-01 1.072236397422100751e+00 5.856389335240262950e-01 -2.986376481518941972e-01 8.688656983916223098e-01 7.713769215506387056e+00 8.688656983916245302e-01 -2.986376481518954185e-01 -5.850347735875227606e-02 -1.092563383478910577e-01 3.158549142070790072e-01 1.072236397422101195e+00 5.856389335240261840e-01
-4.441552013474298066e-02 9.218614391798585217e-02 2.356403269331866224e-01 -1.426271532084566029e+00 -1.336189608854139177e+00 9.874534252665845280e-01 8.393616717757298673e+00 5.728748895802934227e-01 -4.216378811915544311e-01 1.047194526843354401e-01 3.493992481548968687e-02 -1.054765566754524986e-01 -7.540302351461829478e-01 -9.794109587905270864e-01 -4.379349075782944523e-01
-1.336189608854139399e+00 -1.426271532084566918e+00 2.356403269331866224e-01 9.218614391798585217e-02 -4.441552013474314720e-02 4.941251554236181232e-02 -1.491663769628394087e-01 -1.066359784983106129e+00 -1.385096261058399669e+00 -6.193334857338317345e-01 6.982350131118859604e-01 5.935183299806958246e+00 4.050837191937204373e-01 -2.981430049956763639e-01 7.404783511523740924e-02
6.982350131118864045e-01 5.935183299806959134e+00 4.050837191937203263e-01 -2.981430049956755868e-01 7.404783511523793660e-02 -6.193334857338310684e-01 -1.385096261058399669e+00 -1.066359784983106573e+00 -1.491663769628392977e-01 4.941251554236192334e-02 -1.336189608854138955e+00 -1.426271532084566251e+00 2.356403269331865946e-01 9.218614391798590768e-02 -4.441552013474325822e-02
7.404783511523704842e-02 -2.981430049956754758e-01 4.050837191937203263e-01 5.935183299806957358e+00 6.982350131118901793e-01 -1.889657466743525305e+00 -2.017052544300646844e+00 3.332457461909421603e-01 1.303708949916932980e-01 -6.281303095440937678e-02 -4.379349075782933420e-01 -9.794109587905268643e-01 -7.540302351461827257e-01 -1.054765566754520822e-01 3.493992481549001994e-02
-4.379349075782941192e-01 -9.794109587905269754e-01 -7.540302351461830588e-01 -1.054765566754525263e-01 3.493992481549013096e-02 -6.281303095440882167e-02 1.303708949916937421e-01 3.332457461909421603e-01 -2.017052544300645955e+00 -1.889657466743525527e+00 7.404783511523727046e-02 -2.981430049956753647e-01 4.050837191937205484e-01 5.935183299806958246e+00 6.982350131118880698e-01
3.493992481548946483e-02 -1.054765566754529704e-01 -7.540302351461830588e-01 -9.794109587905271974e-01 -4.379349075782947853e-01 1.047194526843350237e-01 -4.216378811915537650e-01 5.728748895802936447e-01 8.393616717757296897e+00 9.874534252665878586e-01 -4.441552013474314720e-02 9.218614391798590768e-02 2.356403269331860673e-01 -1.426271532084566029e+00 -1.336189608854139843e+00
