-0.000000000000000000e+00 -0.000000000000000000e+00 -0.000000000000000000e+00 -0.000000000000000000e+00 -0.000000000000000000e+00 -0.000000000000000000e+00 2.792366569539516535e-02 -1.116837041646103201e-01 2.815337154754675719e-01 -6.426776804888713057e-01 9.650833219260270823e-01 1.052833472491078304e+01 -2.792366569539524515e-02 1.116837041646103618e-01 -2.815337154754675164e-01 6.426776804888716388e-01 -9.650833219260270823e-01 -1.052833472491078304e+01
0.000000000000000000e+00 -0.000000000000000000e+00 0.000000000000000000e+00 -0.000000000000000000e+00 0.000000000000000000e+00 0.000000000000000000e+00 1.052833472491079547e+01 9.650833219260304130e-01 -6.426776804888729711e-01 2.815337154754669058e-01 -1.116837041646112638e-01 2.792366569539541515e-02 2.664259982655416970e-01 7.338455722133794268e-01 1.149531163758962027e+00 1.149531163758962693e+00 7.338455722133774284e-01 2.664259982655416970e-01
0.000000000000000000e+00 0.000000000000000000e+00 -0.000000000000000000e+00 0.000000000000000000e+00 -0.000000000000000000e+00 0.000000000000000000e+00 -2.664259982655419745e-01 -7.338455722133790937e-01 -1.149531163758963359e+00 -1.149531163758962471e+00 -7.338455722133784276e-01 -2.664259982655415859e-01 -1.052833472491079192e+01 -9.650833219260320783e-01 6.426776804888711947e-01 -2.815337154754679605e-01 1.116837041646103895e-01 -2.792366569539573434e-02
-0.000000000000000000e+00 -0.000000000000000000e+00 -0.000000000000000000e+00 -0.000000000000000000e+00 -0.000000000000000000e+00 -0.000000000000000000e+00 -7.651613385796314504e-02 1.839744568054218210e-01 2.105822210550234164e-01 -1.564383501829895495e+00 -1.424119092474104065e+00 -3.323594958190735360e-01 7.651613385796314504e-02 -1.839744568054218765e-01 -2.105822210550235551e-01 1.564383501829895495e+00 1.424119092474104287e+00 3.323594958190735915e-01
-0.000000000000000000e+00 0.000000000000000000e+00 0.000000000000000000e+00 -0.000000000000000000e+00 -0.000000000000000000e+00 -0.000000000000000000e+00 -3.323594958190729254e-01 -1.424119092474104509e+00 -1.564383501829895939e+00 2.105822210550228057e-01 1.839744568054217377e-01 -7.651613385796340872e-02 1.864016585447619834e-02 1.522522305688819855e-01 8.580488685412042127e-01 8.580488685412042127e-01 1.522522305688818745e-01 1.864016585447671875e-02
-0.000000000000000000e+00 -0.000000000000000000e+00 -0.000000000000000000e+00 0.000000000000000000e+00 0.000000000000000000e+00 -0.000000000000000000e+00 -1.864016585447642385e-02 -1.522522305688817634e-01 -8.580488685412044347e-01 -8.580488685412044347e-01 -1.522522305688821520e-01 -1.864016585447685753e-02 3.323594958190728699e-01 1.424119092474104065e+00 1.564383501829895495e+00 -2.105822210550233609e-01 -1.839744568054219598e-01 7.651613385796338096e-02
0.000000000000000000e+00 -0.000000000000000000e+00 -0.000000000000000000e+00 -0.000000000000000000e+00 -0.000000000000000000e+00 0.000000000000000000e+00 1.328316468729429933e-01 4.755300002058873154e-01 1.124657678217617640e+00 4.092943836653596956e-01 -4.760835305407062207e-02 -1.249421961746303988e-01 -1.328316468729430211e-01 -4.755300002058873154e-01 -1.124657678217617640e+00 -4.092943836653598066e-01 4.760835305407068452e-02 1.249421961746304266e-01
0.000000000000000000e+00 0.000000000000000000e+00 0.000000000000000000e+00 0.000000000000000000e+00 -0.000000000000000000e+00 -0.000000000000000000e+00 -1.249421961746303156e-01 -4.760835305407047635e-02 4.092943836653596956e-01 1.124657678217617196e+00 4.755300002058876485e-01 1.328316468729433264e-01 -1.818382169020651973e-01 1.239302830344349016e-01 1.419122260405349500e+00 1.419122260405349500e+00 1.239302830344350820e-01 -1.818382169020650030e-01
-0.000000000000000000e+00 -0.000000000000000000e+00 0.000000000000000000e+00 0.000000000000000000e+00 0.000000000000000000e+00 0.000000000000000000e+00 1.818382169020652528e-01 -1.239302830344347767e-01 -1.419122260405349722e+00 -1.419122260405349945e+00 -1.239302830344350959e-01 1.818382169020650585e-01 1.249421961746301352e-01 4.760835305407025431e-02 -4.092943836653601397e-01 -1.124657678217617862e+00 -4.755300002058879816e-01 -1.328316468729433819e-01
0.000000000000000000e+00 -0.000000000000000000e+00 0.000000000000000000e+00 0.000000000000000000e+00 -0.000000000000000000e+00 -0.000000000000000000e+00 1.015728300371981918e+00 8.256737855975130103e+00 5.928228542952910241e-01 -4.963084644092382591e-01 2.020597324206585554e-01 -5.021878194257309996e-02 4.584746788517779503e-02 1.430072587197650513e-02 -5.167566035674813207e-01 -1.113503983201964642e+00 -9.553074677049950836e-01 -3.697340592973634155e-01
-0.000000000000000000e+00 -0.000000000000000000e+00 0.000000000000000000e+00 0.000000000000000000e+00 -0.000000000000000000e+00 0.000000000000000000e+00 -4.584746788517790606e-02 -1.430072587197598645e-02 5.167566035674815428e-01 1.113503983201963310e+00 9.553074677049944174e-01 3.697340592973634155e-01 -1.015728300371982584e+00 -8.256737855975133655e+00 -5.928228542952909130e-01 4.963084644092379261e-01 -2.020597324206588330e-01 5.021878194257309302e-02
0.000000000000000000e+00 0.000000000000000000e+00 0.000000000000000000e+00 -0.000000000000000000e+00 0.000000000000000000e+00 -0.000000000000000000e+00 3.697340592973623608e-01 9.553074677049949726e-01 1.113503983201963532e+00 5.167566035674820979e-01 -1.430072587197622411e-02 -4.584746788517855137e-02 1.803837906562246962e+00 1.934602794978612650e+00 -4.720985071521971999e-01 -6.896399121594644355e-02 9.371576530211907230e-02 -3.138885014261885709e-02
-0.000000000000000000e+00 0.000000000000000000e+00 -0.000000000000000000e+00 0.000000000000000000e+00 0.000000000000000000e+00 0.000000000000000000e+00 -1.803837906562246296e+00 -1.934602794978612650e+00 4.720985071521965892e-01 6.896399121594586068e-02 -9.371576530211955802e-02 3.138885014261862116e-02 -3.697340592973632489e-01 -9.553074677049954166e-01 -1.113503983201963976e+00 -5.167566035674824310e-01 1.430072587197544348e-02 4.584746788517848892e-02
0.000000000000000000e+00 0.000000000000000000e+00 0.000000000000000000e+00 0.000000000000000000e+00 -0.000000000000000000e+00 -0.000000000000000000e+00 3.138885014261888484e-02 -9.371576530211869760e-02 6.896399121594659620e-02 4.720985071521973109e-01 -1.934602794978611096e+00 -1.803837906562245630e+00 5.021878194257239914e-02 -2.020597324206588885e-01 4.963084644092368158e-01 -5.928228542952909130e-01 -8.256737855975130103e+00 -1.015728300371986803e+00
-0.000000000000000000e+00 -0.000000000000000000e+00 0.000000000000000000e+00 0.000000000000000000e+00 0.000000000000000000e+00 0.000000000000000000e+00 -5.021878194257264200e-02 2.020597324206588330e-01 -4.963084644092369824e-01 5.928228542952901359e-01 8.256737855975128326e+00 1.015728300371985693e+00 -3.138885014261878770e-02 9.371576530211912781e-02 -6.896399121594619375e-02 -4.720985071521972554e-01 1.934602794978611540e+00 1.803837906562246296e+00
0.000000000000000000e+00 -0.000000000000000000e+00 -0.000000000000000000e+00 0.000000000000000000e+00 0.000000000000000000e+00 0.000000000000000000e+00 -3.191517406298042259e-01 1.048875011310840488e+00 7.323311411496050027e+00 6.790830540262604575e-01 -4.497950332325831857e-01 1.097035889352650090e-01 -6.825071756827914837e-02 -8.093990572044211518e-02 -3.694157250861888897e-02 7.331380283583374124e-01 1.074165884703515150e+00 4.410033112224966412e-01
0.000000000000000000e+00 0.000000000000000000e+00 0.000000000000000000e+00 -0.000000000000000000e+00 -0.000000000000000000e+00 0.000000000000000000e+00 6.825071756827943981e-02 8.093990572044221232e-02 3.694157250861938163e-02 -7.331380283583373014e-01 -1.074165884703515372e+00 -4.410033112224970853e-01 3.191517406298040038e-01 -1.048875011310841154e+00 -7.323311411496052692e+00 -6.790830540262609016e-01 4.497950332325826306e-01 -1.097035889352652727e-01
-0.000000000000000000e+00 0.000000000000000000e+00 0.000000000000000000e+00 0.000000000000000000e+00 -0.000000000000000000e+00 0.000000000000000000e+00 -4.410033112224964191e-01 -1.074165884703516038e+00 -7.331380283583376345e-01 3.694157250861869468e-02 8.093990572044186538e-02 6.825071756827917613e-02 -6.691392924339062409e-01 -1.352173460235872149e+00 -3.287098055808707620e-01 2.625603586849621363e-01 6.932247331828571280e-02 -6.040629753648543709e-02
0.000000000000000000e+00 -0.000000000000000000e+00 0.000000000000000000e+00 0.000000000000000000e+00 0.000000000000000000e+00 -0.000000000000000000e+00 6.691392924339056858e-01 1.352173460235871705e+00 3.287098055808709840e-01 -2.625603586849625248e-01 -6.932247331828599035e-02 6.040629753648543709e-02 4.410033112224965857e-01 1.074165884703515594e+00 7.331380283583373014e-01 -3.694157250861917346e-02 -8.093990572044211518e-02 -6.825071756827919001e-02
-0.000000000000000000e+00 -0.000000000000000000e+00 -0.000000000000000000e+00 0.000000000000000000e+00 0.000000000000000000e+00 0.000000000000000000e+00 6.040629753648576322e-02 -6.932247331828544912e-02 -2.625603586849624693e-01 3.287098055808695407e-01 1.352173460235870817e+00 6.691392924339061299e-01 -1.097035889352650229e-01 4.497950332325824641e-01 -6.790830540262602355e-01 -7.323311411496051804e+00 -1.048875011310842487e+00 3.191517406298048920e-01
0.000000000000000000e+00 0.000000000000000000e+00 0.000000000000000000e+00 -0.000000000000000000e+00 -0.000000000000000000e+00 -0.000000000000000000e+00 1.097035889352647176e-01 -4.497950332325824641e-01 6.790830540262596804e-01 7.323311411496052692e+00 1.048875011310842043e+00 -3.191517406298047810e-01 -6.040629753648538158e-02 6.932247331828578218e-02 2.625603586849623583e-01 -3.287098055808702068e-01 -1.352173460235871483e+00 -6.691392924339060189e-01
2.664259982655413639e-01 7.338455722133785386e-01 1.149531163758962693e+00 1.149531163758963137e+00 7.338455722133786496e-01 2.664259982655414194e-01 2.792366569539516535e-02 -1.116837041646103201e-01 2.815337154754675719e-01 -6.426776804888713057e-01 9.650833219260270823e-01 1.052833472491078304e+01 0.000000000000000000e+00 -0.000000000000000000e+00 0.000000000000000000e+00 -0.000000000000000000e+00 0.000000000000000000e+00 0.000000000000000000e+00
-2.792366569539522780e-02 1.116837041646110418e-01 -2.815337154754677940e-01 6.426776804888716388e-01 -9.650833219260275264e-01 -1.052833472491077416e+01 1.052833472491079547e+01 9.650833219260304130e-01 -6.426776804888729711e-01 2.815337154754669058e-01 -1.116837041646112638e-01 2.792366569539541515e-02 -0.000000000000000000e+00 -0.000000000000000000e+00 -0.000000000000000000e+00 -0.000000000000000000e+00 -0.000000000000000000e+00 -0.000000000000000000e+00
-1.052833472491079014e+01 -9.650833219260321894e-01 6.426776804888711947e-01 -2.815337154754680160e-01 1.116837041646101536e-01 -2.792366569539600496e-02 -2.664259982655419745e-01 -7.338455722133790937e-01 -1.149531163758963359e+00 -1.149531163758962471e+00 -7.338455722133784276e-01 -2.664259982655415859e-01 0.000000000000000000e+00 0.000000000000000000e+00 -0.000000000000000000e+00 0.000000000000000000e+00 -0.000000000000000000e+00 0.000000000000000000e+00
1.864016585447642038e-02 1.522522305688815414e-01 8.580488685412035466e-01 8.580488685412037686e-01 1.522522305688817634e-01 1.864016585447643426e-02 -7.651613385796314504e-02 1.839744568054218210e-01 2.105822210550234164e-01 -1.564383501829895495e+00 -1.424119092474104065e+00 -3.323594958190735360e-01 -0.000000000000000000e+00 0.000000000000000000e+00 0.000000000000000000e+00 -0.000000000000000000e+00 -0.000000000000000000e+00 -0.000000000000000000e+00
7.651613385796288136e-02 -1.839744568054218488e-01 -2.105822210550234719e-01 1.564383501829895717e+00 1.424119092474104287e+00 3.323594958190733695e-01 -3.323594958190729254e-01 -1.424119092474104509e+00 -1.564383501829895939e+00 2.105822210550228057e-01 1.839744568054217377e-01 -7.651613385796340872e-02 -0.000000000000000000e+00 -0.000000000000000000e+00 -0.000000000000000000e+00 -0.000000000000000000e+00 -0.000000000000000000e+00 -0.000000000000000000e+00
3.323594958190732029e-01 1.424119092474103621e+00 1.564383501829895495e+00 -2.105822210550234719e-01 -1.839744568054220708e-01 7.651613385796310340e-02 -1.864016585447642385e-02 -1.522522305688817634e-01 -8.580488685412044347e-01 -8.580488685412044347e-01 -1.522522305688821520e-01 -1.864016585447685753e-02 -0.000000000000000000e+00 -0.000000000000000000e+00 -0.000000000000000000e+00 0.000000000000000000e+00 0.000000000000000000e+00 -0.000000000000000000e+00
-1.818382169020650863e-01 1.239302830344350959e-01 1.419122260405349056e+00 1.419122260405349500e+00 1.239302830344352069e-01 -1.818382169020649752e-01 1.328316468729429933e-01 4.755300002058873154e-01 1.124657678217617640e+00 4.092943836653596956e-01 -4.760835305407062207e-02 -1.249421961746303988e-01 0.000000000000000000e+00 0.000000000000000000e+00 0.000000000000000000e+00 0.000000000000000000e+00 -0.000000000000000000e+00 -0.000000000000000000e+00
-1.328316468729432709e-01 -4.755300002058872044e-01 -1.124657678217617196e+00 -4.092943836653596401e-01 4.760835305407047635e-02 1.249421961746301768e-01 -1.249421961746303156e-01 -4.760835305407047635e-02 4.092943836653596956e-01 1.124657678217617196e+00 4.755300002058876485e-01 1.328316468729433264e-01 0.000000000000000000e+00 -0.000000000000000000e+00 -0.000000000000000000e+00 -0.000000000000000000e+00 -0.000000000000000000e+00 0.000000000000000000e+00
1.249421961746302184e-01 4.760835305407049023e-02 -4.092943836653597511e-01 -1.124657678217617418e+00 -4.755300002058877595e-01 -1.328316468729433819e-01 1.818382169020652528e-01 -1.239302830344347767e-01 -1.419122260405349722e+00 -1.419122260405349945e+00 -1.239302830344350959e-01 1.818382169020650585e-01 -0.000000000000000000e+00 -0.000000000000000000e+00 0.000000000000000000e+00 0.000000000000000000e+00 0.000000000000000000e+00 0.000000000000000000e+00
-3.138885014261891954e-02 9.371576530211872536e-02 -6.896399121594631865e-02 -4.720985071521966447e-01 1.934602794978610429e+00 1.803837906562245408e+00 1.015728300371981918e+00 8.256737855975130103e+00 5.928228542952910241e-01 -4.963084644092382591e-01 2.020597324206585554e-01 -5.021878194257309996e-02 -0.000000000000000000e+00 -0.000000000000000000e+00 0.000000000000000000e+00 0.000000000000000000e+00 0.000000000000000000e+00 0.000000000000000000e+00
1.803837906562246296e+00 1.934602794978611318e+00 -4.720985071521967003e-01 -6.896399121594593007e-02 9.371576530211900291e-02 -3.138885014261883627e-02 -4.584746788517790606e-02 -1.430072587197598645e-02 5.167566035674815428e-01 1.113503983201963310e+00 9.553074677049944174e-01 3.697340592973634155e-01 0.000000000000000000e+00 0.000000000000000000e+00 0.000000000000000000e+00 -0.000000000000000000e+00 0.000000000000000000e+00 -0.000000000000000000e+00
-1.015728300371982584e+00 -8.256737855975130103e+00 -5.928228542952913571e-01 4.963084644092370379e-01 -2.020597324206592216e-01 5.021878194257339834e-02 3.697340592973623608e-01 9.553074677049949726e-01 1.113503983201963532e+00 5.167566035674820979e-01 -1.430072587197622411e-02 -4.584746788517855137e-02 -0.000000000000000000e+00 -0.000000000000000000e+00 0.000000000000000000e+00 0.000000000000000000e+00 -0.000000000000000000e+00 0.000000000000000000e+00
5.021878194257234362e-02 -2.020597324206583334e-01 4.963084644092370379e-01 -5.928228542952920233e-01 -8.256737855975128326e+00 -1.015728300371990578e+00 -1.803837906562246296e+00 -1.934602794978612650e+00 4.720985071521965892e-01 6.896399121594586068e-02 -9.371576530211955802e-02 3.138885014261862116e-02 0.000000000000000000e+00 0.000000000000000000e+00 0.000000000000000000e+00 0.000000000000000000e+00 -0.000000000000000000e+00 -0.000000000000000000e+00
-3.697340592973636375e-01 -9.553074677049949726e-01 -1.113503983201963754e+00 -5.167566035674823199e-01 1.430072587197583033e-02 4.584746788517780197e-02 3.138885014261888484e-02 -9.371576530211869760e-02 6.896399121594659620e-02 4.720985071521973109e-01 -1.934602794978611096e+00 -1.803837906562245630e+00 -0.000000000000000000e+00 0.000000000000000000e+00 -0.000000000000000000e+00 0.000000000000000000e+00 0.000000000000000000e+00 0.000000000000000000e+00
4.584746788517805177e-02 1.430072587197602288e-02 -5.167566035674820979e-01 -1.113503983201963754e+00 -9.553074677049947505e-01 -3.697340592973633044e-01 -5.021878194257264200e-02 2.020597324206588330e-01 -4.963084644092369824e-01 5.928228542952901359e-01 8.256737855975128326e+00 1.015728300371985693e+00 0.000000000000000000e+00 -0.000000000000000000e+00 0.000000000000000000e+00 0.000000000000000000e+00 -0.000000000000000000e+00 -0.000000000000000000e+00
-6.040629753648547179e-02 6.932247331828586545e-02 2.625603586849626359e-01 -3.287098055808706509e-01 -1.352173460235871039e+00 -6.691392924339060189e-01 -3.191517406298042259e-01 1.048875011310840488e+00 7.323311411496050027e+00 6.790830540262604575e-01 -4.497950332325831857e-01 1.097035889352650090e-01 0.000000000000000000e+00 0.000000000000000000e+00 0.000000000000000000e+00 -0.000000000000000000e+00 -0.000000000000000000e+00 -0.000000000000000000e+00
-6.691392924339062409e-01 -1.352173460235871705e+00 -3.287098055808710395e-01 2.625603586849623028e-01 6.932247331828536585e-02 -6.040629753648558281e-02 6.825071756827943981e-02 8.093990572044221232e-02 3.694157250861938163e-02 -7.331380283583373014e-01 -1.074165884703515372e+00 -4.410033112224970853e-01 -0.000000000000000000e+00 0.000000000000000000e+00 0.000000000000000000e+00 0.000000000000000000e+00 -0.000000000000000000e+00 0.000000000000000000e+00
3.191517406298038928e-01 -1.048875011310840488e+00 -7.323311411496051804e+00 -6.790830540262591253e-01 4.497950332325831857e-01 -1.097035889352656057e-01 -4.410033112224964191e-01 -1.074165884703516038e+00 -7.331380283583376345e-01 3.694157250861869468e-02 8.093990572044186538e-02 6.825071756827917613e-02 0.000000000000000000e+00 0.000000000000000000e+00 0.000000000000000000e+00 -0.000000000000000000e+00 -0.000000000000000000e+00 0.000000000000000000e+00
-1.097035889352647731e-01 4.497950332325828526e-01 -6.790830540262593473e-01 -7.323311411496052692e+00 -1.048875011310843153e+00 3.191517406298061132e-01 6.691392924339056858e-01 1.352173460235871705e+00 3.287098055808709840e-01 -2.625603586849625248e-01 -6.932247331828599035e-02 6.040629753648543709e-02 -0.000000000000000000e+00 -0.000000000000000000e+00 -0.000000000000000000e+00 0.000000000000000000e+00 0.000000000000000000e+00 0.000000000000000000e+00
4.410033112224967522e-01 1.074165884703514928e+00 7.331380283583366353e-01 -3.694157250861891673e-02 -8.093990572044233722e-02 -6.825071756827919001e-02 6.040629753648576322e-02 -6.932247331828544912e-02 -2.625603586849624693e-01 3.287098055808695407e-01 1.352173460235870817e+00 6.691392924339061299e-01 0.000000000000000000e+00 -0.000000000000000000e+00 0.000000000000000000e+00 0.000000000000000000e+00 0.000000000000000000e+00 -0.000000000000000000e+00
-6.825071756827956471e-02 -8.093990572044210130e-02 -3.694157250861891673e-02 7.331380283583374124e-01 1.074165884703515150e+00 4.410033112224969187e-01 1.097035889352647176e-01 -4.497950332325824641e-01 6.790830540262596804e-01 7.323311411496052692e+00 1.048875011310842043e+00 -3.191517406298047810e-01 0.000000000000000000e+00 -0.000000000000000000e+00 -0.000000000000000000e+00 0.000000000000000000e+00 0.000000000000000000e+00 0.000000000000000000e+00
