-2.110810230202762872e-01 7.286141389947883851e-02 5.058621723189145047e-01 1.223562610229276482e+00 5.058621723189127284e-01 7.286141389948322389e-02 -2.110810230202781468e-01 -2.985136455148654777e-01 1.030415997103310000e-01 7.153971447849244436e-01 1.730378837798868696e+00 7.153971447849275522e-01 1.030415997103304032e-01 -2.985136455148654222e-01 -2.110810230202765370e-01 7.286141389947836666e-02 5.058621723189146158e-01 1.223562610229275815e+00 5.058621723189119512e-01 7.286141389948361247e-02 -2.110810230202785354e-01
3.176996274965319667e-01 8.221487061851503464e-01 1.326501838780983489e+00 1.547803420015821940e+00 1.326501838780983489e+00 8.221487061851504574e-01 3.176996274965318556e-01 -2.660313685582156584e-02 1.032223034372385245e-01 -2.459431424605932892e-01 5.260664295966167581e-01 -1.112800255340534727e+00 1.545670171679917493e+00 2.075429249529087272e+01 -1.881125847158523004e-02 7.298919073016665870e-02 -1.739080638202145090e-01 3.719851397223633005e-01 -7.868686066574139826e-01 1.092953859872644928e+00 1.467550096214924693e+01
-1.881125847158598985e-02 7.298919073016663095e-02 -1.739080638202143980e-01 3.719851397223639111e-01 -7.868686066574126503e-01 1.092953859872640043e+00 1.467550096214923983e+01 2.075429249529090114e+01 1.545670171679926153e+00 -1.112800255340537170e+00 5.260664295966169801e-01 -2.459431424605948990e-01 1.032223034372389270e-01 -2.660313685582261362e-02 3.176996274965311340e-01 8.221487061851480149e-01 1.326501838780982379e+00 1.547803420015823272e+00 1.326501838780983933e+00 8.221487061851502354e-01 3.176996274965320222e-01
1.467550096214926825e+01 1.092953859872650479e+00 -7.868686066574142046e-01 3.719851397223639111e-01 -1.739080638202148421e-01 7.298919073016807424e-02 -1.881125847158704456e-02 4.492951219664740314e-01 1.162693850574528787e+00 1.875956890916911313e+00 2.188924588473834199e+00 1.875956890916915532e+00 1.162693850574531229e+00 4.492951219664752527e-01 1.467550096214927180e+01 1.092953859872651590e+00 -7.868686066574148708e-01 3.719851397223644662e-01 -1.739080638202148699e-01 7.298919073016774117e-02 -1.881125847158549025e-02
-2.076067662001277250e-02 -3.641107893219486854e-03 6.009946639466338114e-01 1.134164370519942677e+00 6.009946639466339224e-01 -3.641107893218932610e-03 -2.076067662001302230e-02 6.904342059795627595e-02 -2.147752261964012144e-01 2.200959777774041393e-01 6.787100008695297060e-01 -2.938722994958229862e+00 -2.460448123916638696e+00 -8.913240436406690836e-01 4.882107090112992875e-02 -1.518690188743498093e-01 1.556313583982860682e-01 4.799204440739717747e-01 -2.077990957763804492e+00 -1.739799553179173897e+00 -6.302612754929315386e-01
4.882107090112990794e-02 -1.518690188743497260e-01 1.556313583982865123e-01 4.799204440739713862e-01 -2.077990957763803603e+00 -1.739799553179173452e+00 -6.302612754929309835e-01 -8.913240436406686396e-01 -2.460448123916638696e+00 -2.938722994958228085e+00 6.787100008695289288e-01 2.200959777774037507e-01 -2.147752261964023801e-01 6.904342059795606779e-02 -2.076067662001329639e-02 -3.641107893219697189e-03 6.009946639466337004e-01 1.134164370519942011e+00 6.009946639466340335e-01 -3.641107893219424404e-03 -2.076067662001357395e-02
-6.302612754929316496e-01 -1.739799553179173452e+00 -2.077990957763804047e+00 4.799204440739713862e-01 1.556313583982862347e-01 -1.518690188743503922e-01 4.882107090112964426e-02 -2.936003044006524343e-02 -5.149304164655754690e-03 8.499348046671887369e-01 1.603950634749646165e+00 8.499348046671899581e-01 -5.149304164655028708e-03 -2.936003044006492077e-02 -6.302612754929309835e-01 -1.739799553179173675e+00 -2.077990957763803159e+00 4.799204440739716082e-01 1.556313583982860960e-01 -1.518690188743501146e-01 4.882107090112963732e-02
1.541834139000483050e-01 -6.514763778083368928e-01 1.131883825949605349e+00 9.248285347708787185e+00 1.131883825949608013e+00 -6.514763778083390022e-01 1.541834139000494708e-01 -6.403569879698098877e-01 -1.745678476189911787e+00 -1.125121885554498657e+00 2.598146589432320241e-01 2.430800064431785923e-01 1.048710084554754229e-01 -1.166157536199170508e-01 -4.528007685736450405e-01 -1.234381088285285921e+00 -7.955813149369806991e-01 1.837167071904293181e-01 1.718835209268413378e-01 7.415500122873847078e-02 -8.245979017782267828e-02
-4.528007685736450405e-01 -1.234381088285285921e+00 -7.955813149369810322e-01 1.837167071904292626e-01 1.718835209268417819e-01 7.415500122873910915e-02 -8.245979017782258114e-02 -1.166157536199173561e-01 1.048710084554759364e-01 2.430800064431785923e-01 2.598146589432316356e-01 -1.125121885554498213e+00 -1.745678476189912676e+00 -6.403569879698102207e-01 1.541834139000481663e-01 -6.514763778083367818e-01 1.131883825949605571e+00 9.248285347708788962e+00 1.131883825949607125e+00 -6.514763778083372259e-01 1.541834139000488324e-01
-8.245979017782359421e-02 7.415500122873822098e-02 1.718835209268411157e-01 1.837167071904292626e-01 -7.955813149369802550e-01 -1.234381088285285699e+00 -4.528007685736451515e-01 2.180482750304322537e-01 -9.213267290622486616e-01 1.600725457688679576e+00 1.307905056742614214e+01 1.600725457688682241e+00 -9.213267290622496608e-01 2.180482750304331141e-01 -8.245979017782342768e-02 7.415500122873883160e-02 1.718835209268410325e-01 1.837167071904291793e-01 -7.955813149369809212e-01 -1.234381088285285477e+00 -4.528007685736451515e-01
-1.958286596649366773e-02 6.472201571076519055e-02 -9.812423740915071635e-02 -5.751287929859738579e-03 7.513821800711535381e-01 -2.690492071164021670e+00 -2.118972260313636724e+00 2.573153697580205623e+00 1.588589183707628116e+01 6.042833254824098166e-01 -7.917251732766339423e-01 3.952631550305867325e-01 -1.668483065170168478e-01 4.294451896209352387e-02 8.782795159628314918e-02 1.281425010264379272e-01 -2.671066103283933346e-01 -1.025084473279905817e+00 -1.385426570811356672e+00 -1.029503361601445288e+00 -4.132780427562252612e-01
-2.118972260313637168e+00 -2.690492071164024335e+00 7.513821800711528720e-01 -5.751287929859738579e-03 -9.812423740915088288e-02 6.472201571076563464e-02 -1.958286596649411182e-02 1.242074803029118990e-01 1.812208628679966016e-01 -3.777457909259184232e-01 -1.449688364690524311e+00 -1.959289046113470434e+00 -1.455937616485457609e+00 -5.844634130968617836e-01 1.819494428594202073e+00 1.123302184319266139e+01 4.272928372065700753e-01 -5.598342388600012764e-01 2.794932572753179856e-01 -1.179795689676733789e-01 3.036636057289066049e-02
1.819494428594203406e+00 1.123302184319265962e+01 4.272928372065687430e-01 -5.598342388600008324e-01 2.794932572753192623e-01 -1.179795689676742532e-01 3.036636057289110457e-02 -5.844634130968608954e-01 -1.455937616485456942e+00 -1.959289046113468213e+00 -1.449688364690524534e+00 -3.777457909259194224e-01 1.812208628679958800e-01 1.242074803029115659e-01 -2.118972260313636724e+00 -2.690492071164024335e+00 7.513821800711530940e-01 -5.751287929859530412e-03 -9.812423740915023063e-02 6.472201571076542648e-02 -1.958286596649339018e-02
3.036636057288966128e-02 -1.179795689676733650e-01 2.794932572753181521e-01 -5.598342388600008324e-01 4.272928372065671887e-01 1.123302184319265073e+01 1.819494428594216284e+00 -2.996679308827916888e+00 -3.804930376497442701e+00 1.062614869582086286e+00 -8.133549391520250582e-03 -1.387686273415376648e-01 9.153075240228852882e-02 -2.769435463995010768e-02 -4.132780427562248171e-01 -1.029503361601445288e+00 -1.385426570811355784e+00 -1.025084473279906039e+00 -2.671066103283932236e-01 1.281425010264378439e-01 8.782795159628387083e-02
-4.132780427562252612e-01 -1.029503361601445288e+00 -1.385426570811356006e+00 -1.025084473279905373e+00 -2.671066103283930016e-01 1.281425010264384268e-01 8.782795159628407899e-02 -2.769435463994937216e-02 9.153075240228880638e-02 -1.387686273415374705e-01 -8.133549391518744842e-03 1.062614869582087618e+00 -3.804930376497440925e+00 -2.996679308827918664e+00 3.036636057289034477e-02 -1.179795689676730042e-01 2.794932572753180966e-01 -5.598342388600012764e-01 4.272928372065691316e-01 1.123302184319265784e+01 1.819494428594209623e+00
8.782795159628341286e-02 1.281425010264377884e-01 -2.671066103283936122e-01 -1.025084473279905373e+00 -1.385426570811356672e+00 -1.029503361601446620e+00 -4.132780427562258718e-01 4.294451896209285080e-02 -1.668483065170155710e-01 3.952631550305870656e-01 -7.917251732766332761e-01 6.042833254824081513e-01 1.588589183707627583e+01 2.573153697580214949e+00 -1.958286596649347344e-02 6.472201571076491300e-02 -9.812423740915043879e-02 -5.751287929859270204e-03 7.513821800711526500e-01 -2.690492071164022558e+00 -2.118972260313637612e+00
-4.632020041720293080e-02 1.064757937104877927e-01 7.458423862214610955e-03 -4.362267531089273898e-01 4.021384352266560436e-01 1.697604562750831825e+00 6.718679827216650358e-01 -6.921586675287972890e-01 2.668872380876241568e+00 1.365905034378031502e+01 6.927043209015203429e-01 -8.005276469910138637e-01 3.392079449475606800e-01 -8.553528662714031394e-02 -6.722940668256265073e-02 -6.253758441328277629e-02 -1.911337276327461088e-01 2.345884866529772683e-01 1.083834744948770634e+00 1.071367156523764130e+00 4.239754002006780875e-01
6.718679827216639255e-01 1.697604562750832713e+00 4.021384352266567652e-01 -4.362267531089273898e-01 7.458423862214083599e-03 1.064757937104879038e-01 -4.632020041720249365e-02 -9.507673872077625210e-02 -8.844150003531689452e-02 -2.703039098451545108e-01 3.317582194012194119e-01 1.532773795677735196e+00 1.515141963037004436e+00 5.995917610763590311e-01 -4.894300874666573375e-01 1.887177758639076997e+00 9.658407122655505717e+00 4.898159226666883304e-01 -5.660585277146560346e-01 2.398562381047737724e-01 -6.048258120478577915e-02
-4.894300874666574486e-01 1.887177758639076774e+00 9.658407122655507493e+00 4.898159226666876087e-01 -5.660585277146570338e-01 2.398562381047744108e-01 -6.048258120478627875e-02 5.995917610763599193e-01 1.515141963037004436e+00 1.532773795677734530e+00 3.317582194012199115e-01 -2.703039098451545663e-01 -8.844150003531796311e-02 -9.507673872077629373e-02 6.718679827216633704e-01 1.697604562750833379e+00 4.021384352266572648e-01 -4.362267531089277228e-01 7.458423862214368094e-03 1.064757937104880564e-01 -4.632020041720275039e-02
-6.048258120478516853e-02 2.398562381047729675e-01 -5.660585277146552574e-01 4.898159226666876087e-01 9.658407122655507493e+00 1.887177758639084102e+00 -4.894300874666595025e-01 9.501648132892284160e-01 2.400775396188675970e+00 5.687096290490324391e-01 -6.169177905166258746e-01 1.054780417987014052e-02 1.505795115298116105e-01 -6.550665564184821044e-02 4.239754002006785871e-01 1.071367156523763686e+00 1.083834744948770190e+00 2.345884866529776014e-01 -1.911337276327455259e-01 -6.253758441328320650e-02 -6.722940668256227603e-02
4.239754002006776989e-01 1.071367156523763686e+00 1.083834744948770634e+00 2.345884866529771295e-01 -1.911337276327450818e-01 -6.253758441328381712e-02 -6.722940668256237318e-02 -6.550665564184780798e-02 1.505795115298123321e-01 1.054780417987050828e-02 -6.169177905166260967e-01 5.687096290490315509e-01 2.400775396188674193e+00 9.501648132892296372e-01 -6.048258120478519628e-02 2.398562381047733283e-01 -5.660585277146552574e-01 4.898159226666882748e-01 9.658407122655507493e+00 1.887177758639080105e+00 -4.894300874666582257e-01
-6.722940668256270624e-02 -6.253758441328356732e-02 -1.911337276327455537e-01 2.345884866529771295e-01 1.083834744948770190e+00 1.071367156523763908e+00 4.239754002006777545e-01 -8.553528662713946740e-02 3.392079449475606800e-01 -8.005276469910124204e-01 6.927043209015207870e-01 1.365905034378031679e+01 2.668872380876245121e+00 -6.921586675287982882e-01 -4.632020041720288223e-02 1.064757937104881813e-01 7.458423862214256204e-03 -4.362267531089281114e-01 4.021384352266558215e-01 1.697604562750832713e+00 6.718679827216644806e-01
1.079877717339851328e-01 -1.809622845438358663e-01 -2.504489578459051513e-01 4.318084944853187168e-01 1.342076538055585022e+00 5.498438811798967985e-01 2.963762334537258791e-01 4.032617725917338469e-01 -5.343892033611680192e-01 -2.477016229566605610e+00 -2.524658868304175297e+00 1.518205290498812199e-01 4.511535125341970542e-01 -1.644534799256905377e-01 1.427216685342901914e-01 3.801326714482941571e-02 -1.648816749170393253e-02 -8.119241090755034973e-01 -9.267193263493307409e-01 -1.921547923505848854e-01 -1.097568806304538569e-01
2.963762334537263232e-01 5.498438811798961323e-01 1.342076538055585022e+00 4.318084944853187168e-01 -2.504489578459052068e-01 -1.809622845438361161e-01 1.079877717339846055e-01 2.018389192857105996e-01 5.375887794632916439e-02 -2.331779008544659915e-02 -1.148234086672269560e+00 -1.310579039836482274e+00 -2.717479134171836286e-01 -1.552196691513528237e-01 2.851491339929223545e-01 -3.778702294895586178e-01 -1.751514973035680489e+00 -1.785203405960636980e+00 1.073533256145006859e-01 3.190137080690608196e-01 -1.162861708451813636e-01
2.851491339929222990e-01 -3.778702294895584513e-01 -1.751514973035681377e+00 -1.785203405960637202e+00 1.073533256145000475e-01 3.190137080690610416e-01 -1.162861708451810028e-01 -1.552196691513532123e-01 -2.717479134171836286e-01 -1.310579039836480719e+00 -1.148234086672269338e+00 -2.331779008544643261e-02 5.375887794632944194e-02 2.018389192857094061e-01 2.963762334537267118e-01 5.498438811798963544e-01 1.342076538055585022e+00 4.318084944853188833e-01 -2.504489578459051513e-01 -1.809622845438361716e-01 1.079877717339843834e-01
-1.162861708451814469e-01 3.190137080690602644e-01 1.073533256145006720e-01 -1.785203405960637202e+00 -1.751514973035681599e+00 -3.778702294895595615e-01 2.851491339929215219e-01 4.191392889153147117e-01 7.775966739524692306e-01 1.897982841860938796e+00 6.106694292490447706e-01 -3.541883128678871007e-01 -2.559193170799123340e-01 1.527177713566509332e-01 -1.097568806304544120e-01 -1.921547923505848576e-01 -9.267193263493296307e-01 -8.119241090755036083e-01 -1.648816749170339824e-02 3.801326714482972102e-02 1.427216685342895808e-01
-1.097568806304539124e-01 -1.921547923505848299e-01 -9.267193263493305189e-01 -8.119241090755034973e-01 -1.648816749170367579e-02 3.801326714482961000e-02 1.427216685342894975e-01 1.527177713566515993e-01 -2.559193170799121675e-01 -3.541883128678871007e-01 6.106694292490448817e-01 1.897982841860940351e+00 7.775966739524697857e-01 4.191392889153136014e-01 -1.162861708451813914e-01 3.190137080690604310e-01 1.073533256145005055e-01 -1.785203405960637202e+00 -1.751514973035682265e+00 -3.778702294895590619e-01 2.851491339929217439e-01
1.427216685342899694e-01 3.801326714482961000e-02 -1.648816749170328722e-02 -8.119241090755034973e-01 -9.267193263493300748e-01 -1.921547923505851074e-01 -1.097568806304534683e-01 -1.644534799256901492e-01 4.511535125341968877e-01 1.518205290498819693e-01 -2.524658868304176185e+00 -2.477016229566608274e+00 -5.343892033611683523e-01 4.032617725917326812e-01 1.079877717339849941e-01 -1.809622845438359773e-01 -2.504489578459052068e-01 4.318084944853188833e-01 1.342076538055586354e+00 5.498438811798964654e-01 2.963762334537258791e-01
