-0.000000000000000000e+00 0.000000000000000000e+00 0.000000000000000000e+00 0.000000000000000000e+00 0.000000000000000000e+00 0.000000000000000000e+00 -0.000000000000000000e+00 -2.110810230202785909e-01 7.286141389948483371e-02 5.058621723189143937e-01 1.223562610229276926e+00 5.058621723189166142e-01 7.286141389948441738e-02 -2.110810230202785354e-01 2.110810230202765370e-01 -7.286141389947836666e-02 -5.058621723189146158e-01 -1.223562610229275815e+00 -5.058621723189119512e-01 -7.286141389948361247e-02 2.110810230202785354e-01
0.000000000000000000e+00 0.000000000000000000e+00 0.000000000000000000e+00 0.000000000000000000e+00 0.000000000000000000e+00 0.000000000000000000e+00 0.000000000000000000e+00 -1.881125847158519535e-02 7.298919073016682524e-02 -1.739080638202146201e-01 3.719851397223631340e-01 -7.868686066574136495e-01 1.092953859872644706e+00 1.467550096214924693e+01 1.881125847158523004e-02 -7.298919073016665870e-02 1.739080638202145090e-01 -3.719851397223633005e-01 7.868686066574139826e-01 -1.092953859872644928e+00 -1.467550096214924693e+01
-0.000000000000000000e+00 0.000000000000000000e+00 -0.000000000000000000e+00 0.000000000000000000e+00 -0.000000000000000000e+00 0.000000000000000000e+00 0.000000000000000000e+00 1.467550096214926647e+01 1.092953859872650701e+00 -7.868686066574153148e-01 3.719851397223633005e-01 -1.739080638202157580e-01 7.298919073016711667e-02 -1.881125847158593781e-02 -3.176996274965311340e-01 -8.221487061851480149e-01 -1.326501838780982379e+00 -1.547803420015823272e+00 -1.326501838780983933e+00 -8.221487061851502354e-01 -3.176996274965320222e-01
0.000000000000000000e+00 0.000000000000000000e+00 -0.000000000000000000e+00 0.000000000000000000e+00 -0.000000000000000000e+00 0.000000000000000000e+00 -0.000000000000000000e+00 3.176996274965306899e-01 8.221487061851476819e-01 1.326501838780980380e+00 1.547803420015820830e+00 1.326501838780983267e+00 8.221487061851493472e-01 3.176996274965315781e-01 -1.467550096214927180e+01 -1.092953859872651590e+00 7.868686066574148708e-01 -3.719851397223644662e-01 1.739080638202148699e-01 -7.298919073016774117e-02 1.881125847158549025e-02
-0.000000000000000000e+00 -0.000000000000000000e+00 0.000000000000000000e+00 0.000000000000000000e+00 0.000000000000000000e+00 -0.000000000000000000e+00 -0.000000000000000000e+00 4.882107090112983161e-02 -1.518690188743499203e-01 1.556313583982861237e-01 4.799204440739719968e-01 -2.077990957763804492e+00 -1.739799553179173897e+00 -6.302612754929313166e-01 -4.882107090112992875e-02 1.518690188743498093e-01 -1.556313583982860682e-01 -4.799204440739717747e-01 2.077990957763804492e+00 1.739799553179173897e+00 6.302612754929315386e-01
0.000000000000000000e+00 -0.000000000000000000e+00 0.000000000000000000e+00 0.000000000000000000e+00 -0.000000000000000000e+00 -0.000000000000000000e+00 -0.000000000000000000e+00 -6.302612754929309835e-01 -1.739799553179173897e+00 -2.077990957763803159e+00 4.799204440739714417e-01 1.556313583982858462e-01 -1.518690188743507252e-01 4.882107090112968589e-02 2.076067662001329639e-02 3.641107893219697189e-03 -6.009946639466337004e-01 -1.134164370519942011e+00 -6.009946639466340335e-01 3.641107893219424404e-03 2.076067662001357395e-02
-0.000000000000000000e+00 -0.000000000000000000e+00 -0.000000000000000000e+00 0.000000000000000000e+00 0.000000000000000000e+00 -0.000000000000000000e+00 0.000000000000000000e+00 -2.076067662001358782e-02 -3.641107893220214137e-03 6.009946639466328122e-01 1.134164370519942011e+00 6.009946639466337004e-01 -3.641107893219701092e-03 -2.076067662001335884e-02 6.302612754929309835e-01 1.739799553179173675e+00 2.077990957763803159e+00 -4.799204440739716082e-01 -1.556313583982860960e-01 1.518690188743501146e-01 -4.882107090112963732e-02
0.000000000000000000e+00 -0.000000000000000000e+00 0.000000000000000000e+00 0.000000000000000000e+00 0.000000000000000000e+00 -0.000000000000000000e+00 0.000000000000000000e+00 -4.528007685736449850e-01 -1.234381088285285477e+00 -7.955813149369805881e-01 1.837167071904294291e-01 1.718835209268412267e-01 7.415500122873842914e-02 -8.245979017782301135e-02 4.528007685736450405e-01 1.234381088285285921e+00 7.955813149369806991e-01 -1.837167071904293181e-01 -1.718835209268413378e-01 -7.415500122873847078e-02 8.245979017782267828e-02
-0.000000000000000000e+00 -0.000000000000000000e+00 -0.000000000000000000e+00 0.000000000000000000e+00 0.000000000000000000e+00 0.000000000000000000e+00 -0.000000000000000000e+00 -8.245979017782323339e-02 7.415500122873878996e-02 1.718835209268412267e-01 1.837167071904291515e-01 -7.955813149369802550e-01 -1.234381088285286143e+00 -4.528007685736452070e-01 -1.541834139000481663e-01 6.514763778083367818e-01 -1.131883825949605571e+00 -9.248285347708788962e+00 -1.131883825949607125e+00 6.514763778083372259e-01 -1.541834139000488324e-01
-0.000000000000000000e+00 0.000000000000000000e+00 0.000000000000000000e+00 0.000000000000000000e+00 -0.000000000000000000e+00 -0.000000000000000000e+00 -0.000000000000000000e+00 1.541834139000479720e-01 -6.514763778083370038e-01 1.131883825949605127e+00 9.248285347708787185e+00 1.131883825949607125e+00 -6.514763778083376700e-01 1.541834139000485826e-01 8.245979017782342768e-02 -7.415500122873883160e-02 -1.718835209268410325e-01 -1.837167071904291793e-01 7.955813149369809212e-01 1.234381088285285477e+00 4.528007685736451515e-01
-0.000000000000000000e+00 0.000000000000000000e+00 -0.000000000000000000e+00 -0.000000000000000000e+00 0.000000000000000000e+00 -0.000000000000000000e+00 -0.000000000000000000e+00 1.819494428594202073e+00 1.123302184319265784e+01 4.272928372065695757e-01 -5.598342388600021646e-01 2.794932572753174860e-01 -1.179795689676742393e-01 3.036636057289060497e-02 -8.782795159628314918e-02 -1.281425010264379272e-01 2.671066103283933346e-01 1.025084473279905817e+00 1.385426570811356672e+00 1.029503361601445288e+00 4.132780427562252612e-01
-0.000000000000000000e+00 -0.000000000000000000e+00 0.000000000000000000e+00 -0.000000000000000000e+00 -0.000000000000000000e+00 0.000000000000000000e+00 -0.000000000000000000e+00 8.782795159628352388e-02 1.281425010264377884e-01 -2.671066103283927240e-01 -1.025084473279906483e+00 -1.385426570811357116e+00 -1.029503361601445954e+00 -4.132780427562253167e-01 -1.819494428594202073e+00 -1.123302184319266139e+01 -4.272928372065700753e-01 5.598342388600012764e-01 -2.794932572753179856e-01 1.179795689676733789e-01 -3.036636057289066049e-02
0.000000000000000000e+00 0.000000000000000000e+00 0.000000000000000000e+00 -0.000000000000000000e+00 0.000000000000000000e+00 -0.000000000000000000e+00 0.000000000000000000e+00 -4.132780427562247061e-01 -1.029503361601445510e+00 -1.385426570811355562e+00 -1.025084473279906483e+00 -2.671066103283933901e-01 1.281425010264372888e-01 8.782795159628328796e-02 2.118972260313636724e+00 2.690492071164024335e+00 -7.513821800711530940e-01 5.751287929859530412e-03 9.812423740915023063e-02 -6.472201571076542648e-02 1.958286596649339018e-02
0.000000000000000000e+00 -0.000000000000000000e+00 0.000000000000000000e+00 -0.000000000000000000e+00 0.000000000000000000e+00 0.000000000000000000e+00 0.000000000000000000e+00 -2.118972260313636280e+00 -2.690492071164024779e+00 7.513821800711519838e-01 -5.751287929859685670e-03 -9.812423740915021675e-02 6.472201571076509341e-02 -1.958286596649384467e-02 4.132780427562248171e-01 1.029503361601445288e+00 1.385426570811355784e+00 1.025084473279906039e+00 2.671066103283932236e-01 -1.281425010264378439e-01 -8.782795159628387083e-02
-0.000000000000000000e+00 -0.000000000000000000e+00 -0.000000000000000000e+00 -0.000000000000000000e+00 -0.000000000000000000e+00 0.000000000000000000e+00 0.000000000000000000e+00 -1.958286596649332773e-02 6.472201571076528770e-02 -9.812423740915007797e-02 -5.751287929858621417e-03 7.513821800711528720e-01 -2.690492071164023447e+00 -2.118972260313637168e+00 -3.036636057289034477e-02 1.179795689676730042e-01 -2.794932572753180966e-01 5.598342388600012764e-01 -4.272928372065691316e-01 -1.123302184319265784e+01 -1.819494428594209623e+00
0.000000000000000000e+00 0.000000000000000000e+00 -0.000000000000000000e+00 -0.000000000000000000e+00 -0.000000000000000000e+00 -0.000000000000000000e+00 -0.000000000000000000e+00 3.036636057289012619e-02 -1.179795689676733234e-01 2.794932572753177080e-01 -5.598342388600017205e-01 4.272928372065684099e-01 1.123302184319265429e+01 1.819494428594208513e+00 1.958286596649347344e-02 -6.472201571076491300e-02 9.812423740915043879e-02 5.751287929859270204e-03 -7.513821800711526500e-01 2.690492071164022558e+00 2.118972260313637612e+00
-0.000000000000000000e+00 0.000000000000000000e+00 0.000000000000000000e+00 -0.000000000000000000e+00 0.000000000000000000e+00 0.000000000000000000e+00 0.000000000000000000e+00 -4.894300874666575041e-01 1.887177758639076552e+00 9.658407122655503940e+00 4.898159226666872756e-01 -5.660585277146565897e-01 2.398562381047732173e-01 -6.048258120478592487e-02 6.722940668256265073e-02 6.253758441328277629e-02 1.911337276327461088e-01 -2.345884866529772683e-01 -1.083834744948770634e+00 -1.071367156523764130e+00 -4.239754002006780875e-01
0.000000000000000000e+00 0.000000000000000000e+00 0.000000000000000000e+00 -0.000000000000000000e+00 0.000000000000000000e+00 0.000000000000000000e+00 -0.000000000000000000e+00 -6.722940668256248420e-02 -6.253758441328285955e-02 -1.911337276327459145e-01 2.345884866529766577e-01 1.083834744948770190e+00 1.071367156523763020e+00 4.239754002006776434e-01 4.894300874666573375e-01 -1.887177758639076997e+00 -9.658407122655505717e+00 -4.898159226666883304e-01 5.660585277146560346e-01 -2.398562381047737724e-01 6.048258120478577915e-02
-0.000000000000000000e+00 0.000000000000000000e+00 0.000000000000000000e+00 0.000000000000000000e+00 -0.000000000000000000e+00 0.000000000000000000e+00 -0.000000000000000000e+00 4.239754002006782541e-01 1.071367156523763020e+00 1.083834744948769746e+00 2.345884866529770185e-01 -1.911337276327459700e-01 -6.253758441328360895e-02 -6.722940668256251195e-02 -6.718679827216633704e-01 -1.697604562750833379e+00 -4.021384352266572648e-01 4.362267531089277228e-01 -7.458423862214368094e-03 -1.064757937104880564e-01 4.632020041720275039e-02
-0.000000000000000000e+00 0.000000000000000000e+00 -0.000000000000000000e+00 0.000000000000000000e+00 0.000000000000000000e+00 0.000000000000000000e+00 -0.000000000000000000e+00 6.718679827216631484e-01 1.697604562750832935e+00 4.021384352266567652e-01 -4.362267531089281114e-01 7.458423862213986455e-03 1.064757937104876956e-01 -4.632020041720287529e-02 -4.239754002006785871e-01 -1.071367156523763686e+00 -1.083834744948770190e+00 -2.345884866529776014e-01 1.911337276327455259e-01 6.253758441328320650e-02 6.722940668256227603e-02
0.000000000000000000e+00 0.000000000000000000e+00 0.000000000000000000e+00 0.000000000000000000e+00 -0.000000000000000000e+00 -0.000000000000000000e+00 -0.000000000000000000e+00 -4.632020041720259079e-02 1.064757937104882091e-01 7.458423862214245796e-03 -4.362267531089282779e-01 4.021384352266561546e-01 1.697604562750831603e+00 6.718679827216640366e-01 6.048258120478519628e-02 -2.398562381047733283e-01 5.660585277146552574e-01 -4.898159226666882748e-01 -9.658407122655507493e+00 -1.887177758639080105e+00 4.894300874666582257e-01
-0.000000000000000000e+00 -0.000000000000000000e+00 -0.000000000000000000e+00 0.000000000000000000e+00 0.000000000000000000e+00 0.000000000000000000e+00 0.000000000000000000e+00 -6.048258120478532812e-02 2.398562381047732173e-01 -5.660585277146554795e-01 4.898159226666876087e-01 9.658407122655503940e+00 1.887177758639078995e+00 -4.894300874666582257e-01 4.632020041720288223e-02 -1.064757937104881813e-01 -7.458423862214256204e-03 4.362267531089281114e-01 -4.021384352266558215e-01 -1.697604562750832713e+00 -6.718679827216644806e-01
0.000000000000000000e+00 -0.000000000000000000e+00 -0.000000000000000000e+00 0.000000000000000000e+00 0.000000000000000000e+00 0.000000000000000000e+00 0.000000000000000000e+00 2.851491339929224100e-01 -3.778702294895588398e-01 -1.751514973035680711e+00 -1.785203405960636980e+00 1.073533256145002279e-01 3.190137080690607640e-01 -1.162861708451815301e-01 -1.427216685342901914e-01 -3.801326714482941571e-02 1.648816749170393253e-02 8.119241090755034973e-01 9.267193263493307409e-01 1.921547923505848854e-01 1.097568806304538569e-01
0.000000000000000000e+00 0.000000000000000000e+00 0.000000000000000000e+00 0.000000000000000000e+00 -0.000000000000000000e+00 -0.000000000000000000e+00 0.000000000000000000e+00 1.427216685342901914e-01 3.801326714482929081e-02 -1.648816749170373477e-02 -8.119241090755037193e-01 -9.267193263493309630e-01 -1.921547923505853017e-01 -1.097568806304539263e-01 -2.851491339929223545e-01 3.778702294895586178e-01 1.751514973035680489e+00 1.785203405960636980e+00 -1.073533256145006859e-01 -3.190137080690608196e-01 1.162861708451813636e-01
0.000000000000000000e+00 -0.000000000000000000e+00 -0.000000000000000000e+00 -0.000000000000000000e+00 0.000000000000000000e+00 0.000000000000000000e+00 -0.000000000000000000e+00 -1.097568806304542038e-01 -1.921547923505853017e-01 -9.267193263493298527e-01 -8.119241090755034973e-01 -1.648816749170361681e-02 3.801326714482948510e-02 1.427216685342893310e-01 -2.963762334537267118e-01 -5.498438811798963544e-01 -1.342076538055585022e+00 -4.318084944853188833e-01 2.504489578459051513e-01 1.809622845438361716e-01 -1.079877717339843834e-01
-0.000000000000000000e+00 0.000000000000000000e+00 0.000000000000000000e+00 -0.000000000000000000e+00 -0.000000000000000000e+00 -0.000000000000000000e+00 0.000000000000000000e+00 2.963762334537265453e-01 5.498438811798957992e-01 1.342076538055584356e+00 4.318084944853181062e-01 -2.504489578459054844e-01 -1.809622845438362271e-01 1.079877717339845500e-01 1.097568806304544120e-01 1.921547923505848576e-01 9.267193263493296307e-01 8.119241090755036083e-01 1.648816749170339824e-02 -3.801326714482972102e-02 -1.427216685342895808e-01
-0.000000000000000000e+00 -0.000000000000000000e+00 -0.000000000000000000e+00 -0.000000000000000000e+00 -0.000000000000000000e+00 0.000000000000000000e+00 0.000000000000000000e+00 1.079877717339850218e-01 -1.809622845438361161e-01 -2.504489578459054844e-01 4.318084944853182172e-01 1.342076538055585466e+00 5.498438811798961323e-01 2.963762334537257681e-01 1.162861708451813914e-01 -3.190137080690604310e-01 -1.073533256145005055e-01 1.785203405960637202e+00 1.751514973035682265e+00 3.778702294895590619e-01 -2.851491339929217439e-01
0.000000000000000000e+00 0.000000000000000000e+00 -0.000000000000000000e+00 -0.000000000000000000e+00 -0.000000000000000000e+00 -0.000000000000000000e+00 -0.000000000000000000e+00 -1.162861708451812665e-01 3.190137080690606530e-01 1.073533256145007553e-01 -1.785203405960637646e+00 -1.751514973035682488e+00 -3.778702294895590619e-01 2.851491339929215774e-01 -1.079877717339849941e-01 1.809622845438359773e-01 2.504489578459052068e-01 -4.318084944853188833e-01 -1.342076538055586354e+00 -5.498438811798964654e-01 -2.963762334537258791e-01
2.110810230202762872e-01 -7.286141389947883851e-02 -5.058621723189145047e-01 -1.223562610229276482e+00 -5.058621723189127284e-01 -7.286141389948322389e-02 2.110810230202781468e-01 -2.110810230202785909e-01 7.286141389948483371e-02 5.058621723189143937e-01 1.223562610229276926e+00 5.058621723189166142e-01 7.286141389948441738e-02 -2.110810230202785354e-01 -0.000000000000000000e+00 0.000000000000000000e+00 0.000000000000000000e+00 0.000000000000000000e+00 0.000000000000000000e+00 0.000000000000000000e+00 -0.000000000000000000e+00
-3.176996274965319667e-01 -8.221487061851503464e-01 -1.326501838780983489e+00 -1.547803420015821940e+00 -1.326501838780983489e+00 -8.221487061851504574e-01 -3.176996274965318556e-01 -1.881125847158519535e-02 7.298919073016682524e-02 -1.739080638202146201e-01 3.719851397223631340e-01 -7.868686066574136495e-01 1.092953859872644706e+00 1.467550096214924693e+01 -0.000000000000000000e+00 0.000000000000000000e+00 -0.000000000000000000e+00 0.000000000000000000e+00 -0.000000000000000000e+00 0.000000000000000000e+00 0.000000000000000000e+00
1.881125847158598985e-02 -7.298919073016663095e-02 1.739080638202143980e-01 -3.719851397223639111e-01 7.868686066574126503e-01 -1.092953859872640043e+00 -1.467550096214923983e+01 1.467550096214926647e+01 1.092953859872650701e+00 -7.868686066574153148e-01 3.719851397223633005e-01 -1.739080638202157580e-01 7.298919073016711667e-02 -1.881125847158593781e-02 0.000000000000000000e+00 0.000000000000000000e+00 0.000000000000000000e+00 0.000000000000000000e+00 0.000000000000000000e+00 0.000000000000000000e+00 0.000000000000000000e+00
-1.467550096214926825e+01 -1.092953859872650479e+00 7.868686066574142046e-01 -3.719851397223639111e-01 1.739080638202148421e-01 -7.298919073016807424e-02 1.881125847158704456e-02 3.176996274965306899e-01 8.221487061851476819e-01 1.326501838780980380e+00 1.547803420015820830e+00 1.326501838780983267e+00 8.221487061851493472e-01 3.176996274965315781e-01 0.000000000000000000e+00 0.000000000000000000e+00 -0.000000000000000000e+00 0.000000000000000000e+00 -0.000000000000000000e+00 0.000000000000000000e+00 -0.000000000000000000e+00
2.076067662001277250e-02 3.641107893219486854e-03 -6.009946639466338114e-01 -1.134164370519942677e+00 -6.009946639466339224e-01 3.641107893218932610e-03 2.076067662001302230e-02 4.882107090112983161e-02 -1.518690188743499203e-01 1.556313583982861237e-01 4.799204440739719968e-01 -2.077990957763804492e+00 -1.739799553179173897e+00 -6.302612754929313166e-01 0.000000000000000000e+00 -0.000000000000000000e+00 0.000000000000000000e+00 0.000000000000000000e+00 -0.000000000000000000e+00 -0.000000000000000000e+00 -0.000000000000000000e+00
-4.882107090112990794e-02 1.518690188743497260e-01 -1.556313583982865123e-01 -4.799204440739713862e-01 2.077990957763803603e+00 1.739799553179173452e+00 6.302612754929309835e-01 -6.302612754929309835e-01 -1.739799553179173897e+00 -2.077990957763803159e+00 4.799204440739714417e-01 1.556313583982858462e-01 -1.518690188743507252e-01 4.882107090112968589e-02 -0.000000000000000000e+00 -0.000000000000000000e+00 0.000000000000000000e+00 0.000000000000000000e+00 0.000000000000000000e+00 -0.000000000000000000e+00 -0.000000000000000000e+00
6.302612754929316496e-01 1.739799553179173452e+00 2.077990957763804047e+00 -4.799204440739713862e-01 -1.556313583982862347e-01 1.518690188743503922e-01 -4.882107090112964426e-02 -2.076067662001358782e-02 -3.641107893220214137e-03 6.009946639466328122e-01 1.134164370519942011e+00 6.009946639466337004e-01 -3.641107893219701092e-03 -2.076067662001335884e-02 -0.000000000000000000e+00 -0.000000000000000000e+00 -0.000000000000000000e+00 0.000000000000000000e+00 0.000000000000000000e+00 -0.000000000000000000e+00 0.000000000000000000e+00
-1.541834139000483050e-01 6.514763778083368928e-01 -1.131883825949605349e+00 -9.248285347708787185e+00 -1.131883825949608013e+00 6.514763778083390022e-01 -1.541834139000494708e-01 -4.528007685736449850e-01 -1.234381088285285477e+00 -7.955813149369805881e-01 1.837167071904294291e-01 1.718835209268412267e-01 7.415500122873842914e-02 -8.245979017782301135e-02 -0.000000000000000000e+00 -0.000000000000000000e+00 -0.000000000000000000e+00 0.000000000000000000e+00 0.000000000000000000e+00 0.000000000000000000e+00 -0.000000000000000000e+00
4.528007685736450405e-01 1.234381088285285921e+00 7.955813149369810322e-01 -1.837167071904292626e-01 -1.718835209268417819e-01 -7.415500122873910915e-02 8.245979017782258114e-02 -8.245979017782323339e-02 7.415500122873878996e-02 1.718835209268412267e-01 1.837167071904291515e-01 -7.955813149369802550e-01 -1.234381088285286143e+00 -4.528007685736452070e-01 0.000000000000000000e+00 -0.000000000000000000e+00 0.000000000000000000e+00 0.000000000000000000e+00 0.000000000000000000e+00 -0.000000000000000000e+00 0.000000000000000000e+00
8.245979017782359421e-02 -7.415500122873822098e-02 -1.718835209268411157e-01 -1.837167071904292626e-01 7.955813149369802550e-01 1.234381088285285699e+00 4.528007685736451515e-01 1.541834139000479720e-01 -6.514763778083370038e-01 1.131883825949605127e+00 9.248285347708787185e+00 1.131883825949607125e+00 -6.514763778083376700e-01 1.541834139000485826e-01 -0.000000000000000000e+00 0.000000000000000000e+00 0.000000000000000000e+00 0.000000000000000000e+00 -0.000000000000000000e+00 -0.000000000000000000e+00 -0.000000000000000000e+00
1.958286596649366773e-02 -6.472201571076519055e-02 9.812423740915071635e-02 5.751287929859738579e-03 -7.513821800711535381e-01 2.690492071164021670e+00 2.118972260313636724e+00 1.819494428594202073e+00 1.123302184319265784e+01 4.272928372065695757e-01 -5.598342388600021646e-01 2.794932572753174860e-01 -1.179795689676742393e-01 3.036636057289060497e-02 0.000000000000000000e+00 0.000000000000000000e+00 -0.000000000000000000e+00 -0.000000000000000000e+00 -0.000000000000000000e+00 -0.000000000000000000e+00 -0.000000000000000000e+00
2.118972260313637168e+00 2.690492071164024335e+00 -7.513821800711528720e-01 5.751287929859738579e-03 9.812423740915088288e-02 -6.472201571076563464e-02 1.958286596649411182e-02 8.782795159628352388e-02 1.281425010264377884e-01 -2.671066103283927240e-01 -1.025084473279906483e+00 -1.385426570811357116e+00 -1.029503361601445954e+00 -4.132780427562253167e-01 0.000000000000000000e+00 0.000000000000000000e+00 0.000000000000000000e+00 -0.000000000000000000e+00 0.000000000000000000e+00 -0.000000000000000000e+00 0.000000000000000000e+00
-1.819494428594203406e+00 -1.123302184319265962e+01 -4.272928372065687430e-01 5.598342388600008324e-01 -2.794932572753192623e-01 1.179795689676742532e-01 -3.036636057289110457e-02 -4.132780427562247061e-01 -1.029503361601445510e+00 -1.385426570811355562e+00 -1.025084473279906483e+00 -2.671066103283933901e-01 1.281425010264372888e-01 8.782795159628328796e-02 -0.000000000000000000e+00 -0.000000000000000000e+00 0.000000000000000000e+00 -0.000000000000000000e+00 -0.000000000000000000e+00 0.000000000000000000e+00 -0.000000000000000000e+00
-3.036636057288966128e-02 1.179795689676733650e-01 -2.794932572753181521e-01 5.598342388600008324e-01 -4.272928372065671887e-01 -1.123302184319265073e+01 -1.819494428594216284e+00 -2.118972260313636280e+00 -2.690492071164024779e+00 7.513821800711519838e-01 -5.751287929859685670e-03 -9.812423740915021675e-02 6.472201571076509341e-02 -1.958286596649384467e-02 -0.000000000000000000e+00 -0.000000000000000000e+00 -0.000000000000000000e+00 -0.000000000000000000e+00 -0.000000000000000000e+00 0.000000000000000000e+00 0.000000000000000000e+00
4.132780427562252612e-01 1.029503361601445288e+00 1.385426570811356006e+00 1.025084473279905373e+00 2.671066103283930016e-01 -1.281425010264384268e-01 -8.782795159628407899e-02 -1.958286596649332773e-02 6.472201571076528770e-02 -9.812423740915007797e-02 -5.751287929858621417e-03 7.513821800711528720e-01 -2.690492071164023447e+00 -2.118972260313637168e+00 0.000000000000000000e+00 -0.000000000000000000e+00 0.000000000000000000e+00 -0.000000000000000000e+00 0.000000000000000000e+00 0.000000000000000000e+00 0.000000000000000000e+00
-8.782795159628341286e-02 -1.281425010264377884e-01 2.671066103283936122e-01 1.025084473279905373e+00 1.385426570811356672e+00 1.029503361601446620e+00 4.132780427562258718e-01 3.036636057289012619e-02 -1.179795689676733234e-01 2.794932572753177080e-01 -5.598342388600017205e-01 4.272928372065684099e-01 1.123302184319265429e+01 1.819494428594208513e+00 -0.000000000000000000e+00 0.000000000000000000e+00 -0.000000000000000000e+00 -0.000000000000000000e+00 0.000000000000000000e+00 -0.000000000000000000e+00 -0.000000000000000000e+00
4.632020041720293080e-02 -1.064757937104877927e-01 -7.458423862214610955e-03 4.362267531089273898e-01 -4.021384352266560436e-01 -1.697604562750831825e+00 -6.718679827216650358e-01 -4.894300874666575041e-01 1.887177758639076552e+00 9.658407122655503940e+00 4.898159226666872756e-01 -5.660585277146565897e-01 2.398562381047732173e-01 -6.048258120478592487e-02 -0.000000000000000000e+00 -0.000000000000000000e+00 -0.000000000000000000e+00 0.000000000000000000e+00 0.000000000000000000e+00 0.000000000000000000e+00 0.000000000000000000e+00
-6.718679827216639255e-01 -1.697604562750832713e+00 -4.021384352266567652e-01 4.362267531089273898e-01 -7.458423862214083599e-03 -1.064757937104879038e-01 4.632020041720249365e-02 -6.722940668256248420e-02 -6.253758441328285955e-02 -1.911337276327459145e-01 2.345884866529766577e-01 1.083834744948770190e+00 1.071367156523763020e+00 4.239754002006776434e-01 -0.000000000000000000e+00 0.000000000000000000e+00 0.000000000000000000e+00 0.000000000000000000e+00 -0.000000000000000000e+00 0.000000000000000000e+00 -0.000000000000000000e+00
4.894300874666574486e-01 -1.887177758639076774e+00 -9.658407122655507493e+00 -4.898159226666876087e-01 5.660585277146570338e-01 -2.398562381047744108e-01 6.048258120478627875e-02 4.239754002006782541e-01 1.071367156523763020e+00 1.083834744948769746e+00 2.345884866529770185e-01 -1.911337276327459700e-01 -6.253758441328360895e-02 -6.722940668256251195e-02 0.000000000000000000e+00 0.000000000000000000e+00 0.000000000000000000e+00 -0.000000000000000000e+00 0.000000000000000000e+00 0.000000000000000000e+00 -0.000000000000000000e+00
6.048258120478516853e-02 -2.398562381047729675e-01 5.660585277146552574e-01 -4.898159226666876087e-01 -9.658407122655507493e+00 -1.887177758639084102e+00 4.894300874666595025e-01 6.718679827216631484e-01 1.697604562750832935e+00 4.021384352266567652e-01 -4.362267531089281114e-01 7.458423862213986455e-03 1.064757937104876956e-01 -4.632020041720287529e-02 0.000000000000000000e+00 0.000000000000000000e+00 0.000000000000000000e+00 0.000000000000000000e+00 -0.000000000000000000e+00 -0.000000000000000000e+00 -0.000000000000000000e+00
-4.239754002006776989e-01 -1.071367156523763686e+00 -1.083834744948770634e+00 -2.345884866529771295e-01 1.911337276327450818e-01 6.253758441328381712e-02 6.722940668256237318e-02 -4.632020041720259079e-02 1.064757937104882091e-01 7.458423862214245796e-03 -4.362267531089282779e-01 4.021384352266561546e-01 1.697604562750831603e+00 6.718679827216640366e-01 -0.000000000000000000e+00 0.000000000000000000e+00 -0.000000000000000000e+00 0.000000000000000000e+00 0.000000000000000000e+00 0.000000000000000000e+00 -0.000000000000000000e+00
6.722940668256270624e-02 6.253758441328356732e-02 1.911337276327455537e-01 -2.345884866529771295e-01 -1.083834744948770190e+00 -1.071367156523763908e+00 -4.239754002006777545e-01 -6.048258120478532812e-02 2.398562381047732173e-01 -5.660585277146554795e-01 4.898159226666876087e-01 9.658407122655503940e+00 1.887177758639078995e+00 -4.894300874666582257e-01 -0.000000000000000000e+00 0.000000000000000000e+00 0.000000000000000000e+00 -0.000000000000000000e+00 0.000000000000000000e+00 0.000000000000000000e+00 0.000000000000000000e+00
-1.079877717339851328e-01 1.809622845438358663e-01 2.504489578459051513e-01 -4.318084944853187168e-01 -1.342076538055585022e+00 -5.498438811798967985e-01 -2.963762334537258791e-01 2.851491339929224100e-01 -3.778702294895588398e-01 -1.751514973035680711e+00 -1.785203405960636980e+00 1.073533256145002279e-01 3.190137080690607640e-01 -1.162861708451815301e-01 0.000000000000000000e+00 0.000000000000000000e+00 -0.000000000000000000e+00 -0.000000000000000000e+00 -0.000000000000000000e+00 -0.000000000000000000e+00 -0.000000000000000000e+00
-2.963762334537263232e-01 -5.498438811798961323e-01 -1.342076538055585022e+00 -4.318084944853187168e-01 2.504489578459052068e-01 1.809622845438361161e-01 -1.079877717339846055e-01 1.427216685342901914e-01 3.801326714482929081e-02 -1.648816749170373477e-02 -8.119241090755037193e-01 -9.267193263493309630e-01 -1.921547923505853017e-01 -1.097568806304539263e-01 0.000000000000000000e+00 -0.000000000000000000e+00 -0.000000000000000000e+00 -0.000000000000000000e+00 0.000000000000000000e+00 0.000000000000000000e+00 -0.000000000000000000e+00
-2.851491339929222990e-01 3.778702294895584513e-01 1.751514973035681377e+00 1.785203405960637202e+00 -1.073533256145000475e-01 -3.190137080690610416e-01 1.162861708451810028e-01 -1.097568806304542038e-01 -1.921547923505853017e-01 -9.267193263493298527e-01 -8.119241090755034973e-01 -1.648816749170361681e-02 3.801326714482948510e-02 1.427216685342893310e-01 0.000000000000000000e+00 0.000000000000000000e+00 0.000000000000000000e+00 0.000000000000000000e+00 -0.000000000000000000e+00 -0.000000000000000000e+00 0.000000000000000000e+00
1.162861708451814469e-01 -3.190137080690602644e-01 -1.073533256145006720e-01 1.785203405960637202e+00 1.751514973035681599e+00 3.778702294895595615e-01 -2.851491339929215219e-01 2.963762334537265453e-01 5.498438811798957992e-01 1.342076538055584356e+00 4.318084944853181062e-01 -2.504489578459054844e-01 -1.809622845438362271e-01 1.079877717339845500e-01 -0.000000000000000000e+00 -0.000000000000000000e+00 -0.000000000000000000e+00 -0.000000000000000000e+00 -0.000000000000000000e+00 0.000000000000000000e+00 0.000000000000000000e+00
1.097568806304539124e-01 1.921547923505848299e-01 9.267193263493305189e-01 8.119241090755034973e-01 1.648816749170367579e-02 -3.801326714482961000e-02 -1.427216685342894975e-01 1.079877717339850218e-01 -1.809622845438361161e-01 -2.504489578459054844e-01 4.318084944853182172e-01 1.342076538055585466e+00 5.498438811798961323e-01 2.963762334537257681e-01 -0.000000000000000000e+00 0.000000000000000000e+00 0.000000000000000000e+00 -0.000000000000000000e+00 -0.000000000000000000e+00 -0.000000000000000000e+00 0.000000000000000000e+00
-1.427216685342899694e-01 -3.801326714482961000e-02 1.648816749170328722e-02 8.119241090755034973e-01 9.267193263493300748e-01 1.921547923505851074e-01 1.097568806304534683e-01 -1.162861708451812665e-01 3.190137080690606530e-01 1.073533256145007553e-01 -1.785203405960637646e+00 -1.751514973035682488e+00 -3.778702294895590619e-01 2.851491339929215774e-01 0.000000000000000000e+00 -0.000000000000000000e+00 -0.000000000000000000e+00 0.000000000000000000e+00 0.000000000000000000e+00 0.000000000000000000e+00 0.000000000000000000e+00
