-9.618673372584096715e-02 -1.957270622091341825e-02 -1.957270622091349804e-02 -1.957270622091316151e-02 1.352468726454097325e+00 -3.141644393205167418e-01 -3.141644393205166863e-01 -3.141644393205171304e-01 1.448161368421133771e-02 4.759602723425188781e-02 1.386361464792966181e-01 4.759602723425188087e-02 1.386361464792969234e-01 4.759602723425153392e-02 1.386361464792969234e-01 4.759602723425099963e-02 1.448161368421149037e-02 1.448161368421131343e-02 4.759602723425113840e-02 4.759602723425187393e-02
-4.076537827914038237e-02 1.697567497646437079e-02 9.124175762268973422e-01 1.697567497646426671e-02 -3.767137083351861787e-02 -2.017263585241860918e-02 4.724696586985648039e-03 -2.017263585241915388e-02 1.571394455160192438e-02 1.019142920341150130e-02 -1.474506273047833556e-02 2.856042542494418024e-01 1.924788230300464864e-01 2.856042542494418024e-01 -1.474506273047822454e-02 -9.353340238095925185e-02 1.571394455160220888e-02 -4.312527507653965420e-01 1.019142920341130180e-02 -9.353340238095878001e-02
-4.076537827914039624e-02 9.124175762268970091e-01 1.697567497646415915e-02 1.697567497646422507e-02 -3.767137083351917298e-02 4.724696586985947279e-03 -2.017263585241952165e-02 -2.017263585241867163e-02 -4.312527507653962644e-01 2.856042542494430236e-01 -1.474506273047838587e-02 -9.353340238095873838e-02 -1.474506273047818637e-02 1.019142920341098608e-02 1.924788230300464309e-01 1.019142920341130354e-02 1.571394455160203540e-02 1.571394455160179948e-02 -9.353340238095975145e-02 2.856042542494409142e-01
-4.076537827914032686e-02 1.697567497646422507e-02 1.697567497646428405e-02 9.124175762268982304e-01 -3.767137083351951993e-02 -2.017263585241931348e-02 -2.017263585241870286e-02 4.724696586985629825e-03 1.571394455160184112e-02 -9.353340238095880776e-02 1.924788230300464864e-01 1.019142920341118731e-02 -1.474506273047802851e-02 -9.353340238095914083e-02 -1.474506273047837893e-02 2.856042542494411363e-01 -4.312527507653964864e-01 1.571394455160239623e-02 2.856042542494411918e-01 1.019142920341091496e-02
-7.618620068064872741e-02 1.214530392716728184e-02 -2.680520877381791303e-02 1.093024170254331025e-02 1.075290376953868116e-01 1.234690770791193985e-02 -3.043536061463358172e-03 -5.260072050963325863e-01 -2.694394630165429794e-01 4.968804923617396035e-02 -2.426688275814696191e-02 1.298877211285801581e-01 1.076010168143031048e-01 -1.728259192029173164e-02 2.380182227080432367e-01 -1.906866475829972415e-02 9.817479296116520676e-03 2.603404306887369471e-02 -3.966699838881077717e-02 1.297768728169254260e+00
-7.618620068064872741e-02 1.093024170254334147e-02 -2.680520877381797548e-02 1.214530392716754205e-02 1.075290376953853960e-01 -5.260072050963324752e-01 -3.043536061462917552e-03 1.234690770791232670e-02 9.817479296116569248e-03 -3.966699838881029838e-02 2.380182227080431812e-01 -1.728259192029147837e-02 1.076010168143032020e-01 1.298877211285799638e-01 -2.426688275814718396e-02 1.297768728169255148e+00 -2.694394630165433124e-01 2.603404306887393063e-02 4.968804923617331504e-02 -1.906866475829963048e-02
-7.618620068064869966e-02 -2.680520877381779854e-02 1.093024170254329810e-02 1.214530392716757501e-02 1.075290376953858401e-01 -3.043536061462799591e-03 -5.260072050963325863e-01 1.234690770791216710e-02 2.603404306887386818e-02 1.298877211285802691e-01 2.380182227080431812e-01 -1.906866475829965130e-02 -2.426688275814706253e-02 -3.966699838881027756e-02 1.076010168143029799e-01 4.968804923617338443e-02 -2.694394630165432014e-01 9.817479296116295162e-03 1.297768728169255148e+00 -1.728259192029146102e-02
-7.618620068064869966e-02 1.214530392716761664e-02 1.093024170254333974e-02 -2.680520877381786793e-02 1.075290376953854793e-01 1.234690770791208383e-02 -5.260072050963325863e-01 -3.043536061462645201e-03 -2.694394630165430349e-01 1.297768728169254926e+00 1.076010168143029661e-01 -3.966699838881010409e-02 -2.426688275814715967e-02 -1.906866475829976926e-02 2.380182227080433199e-01 -1.728259192029143326e-02 2.603404306887358716e-02 9.817479296116392307e-03 1.298877211285801025e-01 4.968804923617324565e-02
-7.618620068064869966e-02 1.093024170254331198e-02 1.214530392716732347e-02 -2.680520877381802405e-02 1.075290376953856181e-01 -5.260072050963328083e-01 1.234690770791230935e-02 -3.043536061462459152e-03 9.817479296116685475e-03 -1.906866475829984212e-02 1.076010168143032991e-01 4.968804923617312769e-02 2.380182227080434310e-01 1.297768728169255148e+00 -2.426688275814698967e-02 1.298877211285804356e-01 2.603404306887361838e-02 -2.694394630165432014e-01 -1.728259192029167959e-02 -3.966699838881029144e-02
-7.618620068064872741e-02 -2.680520877381793385e-02 1.214530392716739113e-02 1.093024170254335709e-02 1.075290376953866450e-01 -3.043536061463097530e-03 1.234690770791215843e-02 -5.260072050963326973e-01 2.603404306887404859e-02 -1.728259192029149571e-02 -2.426688275814679538e-02 1.297768728169254704e+00 2.380182227080431812e-01 4.968804923617362035e-02 1.076010168143030910e-01 -3.966699838881052737e-02 9.817479296116610882e-03 -2.694394630165429794e-01 -1.906866475829993232e-02 1.298877211285799638e-01
-1.957270622091349110e-02 -1.957270622091350845e-02 -9.618673372584100878e-02 -1.957270622091322396e-02 -3.141644393205164643e-01 -3.141644393205162977e-01 1.352468726454097547e+00 -3.141644393205170194e-01 4.759602723425191556e-02 4.759602723425168658e-02 4.759602723425181842e-02 1.386361464792968401e-01 1.448161368421125965e-02 1.386361464792967568e-01 4.759602723425220006e-02 1.448161368421155976e-02 4.759602723425111065e-02 1.386361464792968123e-01 4.759602723425105514e-02 1.448161368421130996e-02
9.124175762268976753e-01 1.697567497646423548e-02 -4.076537827914042400e-02 1.697567497646433263e-02 4.724696586985728704e-03 -2.017263585241931348e-02 -3.767137083351901339e-02 -2.017263585241876878e-02 -9.353340238095882164e-02 1.019142920341127578e-02 2.856042542494414693e-01 -1.474506273047838760e-02 -4.312527507653964309e-01 -1.474506273047825750e-02 2.856042542494414138e-01 1.571394455160219500e-02 -9.353340238095919634e-02 1.924788230300465697e-01 1.019142920341139374e-02 1.571394455160199030e-02
1.697567497646423548e-02 9.124175762268971202e-01 -4.076537827914041012e-02 1.697567497646425283e-02 -2.017263585241940368e-02 4.724696586985638498e-03 -3.767137083351899951e-02 -2.017263585241868551e-02 2.856042542494411363e-01 2.856042542494426906e-01 1.019142920341109537e-02 1.924788230300465419e-01 1.571394455160210826e-02 -1.474506273047821413e-02 -9.353340238095889103e-02 1.571394455160214643e-02 1.019142920341117864e-02 -1.474506273047853158e-02 -9.353340238095958492e-02 -4.312527507653964864e-01
1.697567497646430834e-02 1.697567497646415569e-02 -4.076537827914029216e-02 9.124175762268982304e-01 -2.017263585241907756e-02 -2.017263585241912613e-02 -3.767137083351883298e-02 4.724696586985515333e-03 1.019142920341097741e-02 -9.353340238095925185e-02 -9.353340238095880776e-02 -1.474506273047845699e-02 1.571394455160235459e-02 1.924788230300464031e-01 1.019142920341120293e-02 -4.312527507653967085e-01 2.856042542494410252e-01 -1.474506273047814474e-02 2.856042542494411918e-01 1.571394455160184112e-02
-2.680520877381788528e-02 1.214530392716724021e-02 -7.618620068064871353e-02 1.093024170254345596e-02 -3.043536061463249752e-03 1.234690770791152352e-02 1.075290376953872556e-01 -5.260072050963329193e-01 1.297768728169254260e+00 4.968804923617384933e-02 -1.728259192029153041e-02 2.380182227080434032e-01 2.603404306887382308e-02 -2.426688275814680579e-02 1.298877211285799915e-01 9.817479296116569248e-03 -1.906866475829976926e-02 1.076010168143031742e-01 -3.966699838881061063e-02 -2.694394630165432014e-01
-2.680520877381792691e-02 1.093024170254330678e-02 -7.618620068064879680e-02 1.214530392716754205e-02 -3.043536061462585353e-03 -5.260072050963325863e-01 1.075290376953853960e-01 1.234690770791235098e-02 -1.906866475829972762e-02 -3.966699838881052043e-02 1.298877211285799083e-01 -2.426688275814725335e-02 2.603404306887384043e-02 2.380182227080435697e-01 -1.728259192029141245e-02 -2.694394630165432569e-01 1.297768728169254704e+00 1.076010168143029383e-01 4.968804923617324565e-02 9.817479296116539758e-03
1.093024170254336576e-02 -2.680520877381790956e-02 -7.618620068064876905e-02 1.214530392716749174e-02 -5.260072050963320311e-01 -3.043536061462608772e-03 1.075290376953854515e-01 1.234690770791224690e-02 -1.728259192029148877e-02 1.298877211285800470e-01 -3.966699838881015960e-02 1.076010168143031187e-01 9.817479296116491186e-03 2.380182227080432922e-01 -1.906866475829976232e-02 -2.694394630165428128e-01 4.968804923617304442e-02 -2.426688275814725682e-02 1.297768728169255148e+00 2.603404306887382308e-02
1.093024170254335188e-02 1.214530392716754725e-02 -7.618620068064871353e-02 -2.680520877381792344e-02 -5.260072050963324752e-01 1.234690770791217751e-02 1.075290376953855070e-01 -3.043536061462624384e-03 4.968804923617325953e-02 1.297768728169255148e+00 -1.906866475829964783e-02 2.380182227080432922e-01 9.817479296116366286e-03 1.076010168143031603e-01 -3.966699838881015266e-02 2.603404306887386471e-02 -1.728259192029163449e-02 -2.426688275814705559e-02 1.298877211285801025e-01 -2.694394630165429794e-01
1.214530392716734603e-02 1.093024170254332239e-02 -7.618620068064875517e-02 -2.680520877381790956e-02 1.234690770791237700e-02 -5.260072050963325863e-01 1.075290376953855903e-01 -3.043536061462496015e-03 -3.966699838881000001e-02 -1.906866475829970681e-02 1.297768728169254926e+00 -2.426688275814720477e-02 -2.694394630165432569e-01 1.076010168143031465e-01 4.968804923617303054e-02 2.603404306887386124e-02 1.298877211285803246e-01 2.380182227080433199e-01 -1.728259192029139510e-02 9.817479296116492921e-03
1.214530392716747613e-02 -2.680520877381788528e-02 -7.618620068064883843e-02 1.093024170254344556e-02 1.234690770791201271e-02 -3.043536061463165618e-03 1.075290376953864924e-01 -5.260072050963324752e-01 1.298877211285797972e-01 -1.728259192029156510e-02 4.968804923617341912e-02 1.076010168143028273e-01 -2.694394630165429239e-01 -2.426688275814713885e-02 1.297768728169255148e+00 9.817479296116595269e-03 -3.966699838881047879e-02 2.380182227080433754e-01 -1.906866475829981089e-02 2.603404306887374328e-02
-1.957270622091346682e-02 -9.618673372584093939e-02 -1.957270622091341131e-02 -1.957270622091326906e-02 -3.141644393205166863e-01 1.352468726454097547e+00 -3.141644393205164643e-01 -3.141644393205172969e-01 1.386361464792970621e-01 1.386361464792967568e-01 4.759602723425191556e-02 1.448161368421143486e-02 4.759602723425204740e-02 4.759602723425183229e-02 1.448161368421130996e-02 4.759602723425100657e-02 4.759602723425106902e-02 4.759602723425216536e-02 1.448161368421146955e-02 1.386361464792968401e-01
1.697567497646425283e-02 -4.076537827914033379e-02 9.124175762268972312e-01 1.697567497646430140e-02 -2.017263585241877225e-02 -3.767137083351863175e-02 4.724696586985569977e-03 -2.017263585241918858e-02 -1.474506273047854026e-02 -1.474506273047794351e-02 1.019142920341111619e-02 -4.312527507653964864e-01 -9.353340238095876613e-02 2.856042542494429126e-01 1.571394455160218806e-02 -9.353340238095936288e-02 1.019142920341142497e-02 2.856042542494408587e-01 1.571394455160230602e-02 1.924788230300466529e-01
9.124175762268976753e-01 -4.076537827914043788e-02 1.697567497646429793e-02 1.697567497646428405e-02 4.724696586985824981e-03 -3.767137083351938809e-02 -2.017263585241881735e-02 -2.017263585241904286e-02 1.924788230300466252e-01 -1.474506273047816902e-02 2.856042542494416359e-01 1.571394455160224357e-02 2.856042542494410252e-01 1.019142920341146660e-02 -4.312527507653967085e-01 1.019142920341131221e-02 -9.353340238095904369e-02 -9.353340238095889103e-02 1.571394455160218459e-02 -1.474506273047826097e-02
1.697567497646429446e-02 -4.076537827914045176e-02 1.697567497646430487e-02 9.124175762268980083e-01 -2.017263585241960144e-02 -3.767137083351952687e-02 -2.017263585241857102e-02 4.724696586985660182e-03 -1.474506273047870852e-02 1.924788230300463754e-01 -9.353340238095882164e-02 1.571394455160197642e-02 1.019142920341148915e-02 -9.353340238095902981e-02 1.571394455160199030e-02 2.856042542494408587e-01 2.856042542494409142e-01 1.019142920341167130e-02 -4.312527507653965975e-01 -1.474506273047859750e-02
1.214530392716736337e-02 -7.618620068064883843e-02 -2.680520877381779854e-02 1.093024170254335188e-02 1.234690770791216537e-02 1.075290376953862148e-01 -3.043536061462741478e-03 -5.260072050963328083e-01 2.380182227080436808e-01 -2.426688275814695844e-02 4.968804923617362035e-02 2.603404306887412492e-02 1.297768728169254704e+00 -1.728259192029126673e-02 -2.694394630165433679e-01 -1.906866475829985252e-02 -3.966699838881034001e-02 1.298877211285797695e-01 9.817479296116570983e-03 1.076010168143030493e-01
1.093024170254335188e-02 -7.618620068064872741e-02 -2.680520877381796854e-02 1.214530392716747786e-02 -5.260072050963328083e-01 1.075290376953853266e-01 -3.043536061462937068e-03 1.234690770791237006e-02 -2.426688275814696885e-02 2.380182227080432644e-01 -3.966699838881017348e-02 2.603404306887384390e-02 -1.906866475829961313e-02 1.298877211285802136e-01 9.817479296116529350e-03 1.297768728169254704e+00 4.968804923617304442e-02 -1.728259192029122510e-02 -2.694394630165430904e-01 1.076010168143032436e-01
-2.680520877381792691e-02 -7.618620068064879680e-02 1.093024170254336055e-02 1.214530392716754725e-02 -3.043536061462840791e-03 1.075290376953853960e-01 -5.260072050963329193e-01 1.234690770791244119e-02 1.076010168143029661e-01 2.380182227080432367e-01 1.298877211285799360e-01 9.817479296116397511e-03 -1.728259192029156857e-02 -3.966699838881004164e-02 2.603404306887389594e-02 4.968804923617324565e-02 1.297768728169254704e+00 -1.906866475829966170e-02 -2.694394630165433679e-01 -2.426688275814695497e-02
1.214530392716732521e-02 -7.618620068064871353e-02 1.093024170254338484e-02 -2.680520877381794426e-02 1.234690770791234404e-02 1.075290376953853821e-01 -5.260072050963326973e-01 -3.043536061462592725e-03 2.380182227080435975e-01 1.076010168143031881e-01 1.297768728169255148e+00 9.817479296116605678e-03 4.968804923617294728e-02 -1.906866475829955762e-02 -2.694394630165434790e-01 -1.728259192029142285e-02 1.298877211285803523e-01 -3.966699838881011797e-02 2.603404306887379879e-02 -2.426688275814704865e-02
1.093024170254338311e-02 -7.618620068064875517e-02 1.214530392716744490e-02 -2.680520877381799283e-02 -5.260072050963323642e-01 1.075290376953857152e-01 1.234690770791231629e-02 -3.043536061462585353e-03 -2.426688275814685089e-02 1.076010168143029938e-01 -1.906866475829952640e-02 -2.694394630165431459e-01 -3.966699838880996531e-02 1.297768728169254926e+00 9.817479296116654250e-03 1.298877211285802413e-01 -1.728259192029162061e-02 4.968804923617315544e-02 2.603404306887364614e-02 2.380182227080431256e-01
-2.680520877381787834e-02 -7.618620068064882456e-02 1.214530392716727837e-02 1.093024170254347331e-02 -3.043536061463274905e-03 1.075290376953867144e-01 1.234690770791211333e-02 -5.260072050963329193e-01 1.076010168143031742e-01 -2.426688275814686824e-02 -1.728259192029152347e-02 -2.694394630165430349e-01 1.298877211285801303e-01 4.968804923617396035e-02 2.603404306887400696e-02 -3.966699838881057594e-02 -1.906866475829978314e-02 1.297768728169254260e+00 9.817479296116805171e-03 2.380182227080431812e-01
-1.957270622091324477e-02 -1.957270622091342865e-02 -1.957270622091350151e-02 -9.618673372584095327e-02 -3.141644393205169083e-01 -3.141644393205166863e-01 -3.141644393205169639e-01 1.352468726454097547e+00 4.759602723425167964e-02 1.448161368421113648e-02 1.448161368421128914e-02 4.759602723425199883e-02 4.759602723425098575e-02 1.448161368421140710e-02 4.759602723425110371e-02 1.386361464792969789e-01 1.386361464792965070e-01 4.759602723425154780e-02 1.386361464792968401e-01 4.759602723425213067e-02
1.697567497646426671e-02 1.697567497646440549e-02 9.124175762268972312e-01 -4.076537827914042400e-02 -2.017263585241842877e-02 -2.017263585241880000e-02 4.724696586985375688e-03 -3.767137083351935339e-02 1.019142920341096180e-02 1.571394455160248296e-02 1.571394455160197295e-02 2.856042542494417469e-01 -9.353340238095908532e-02 -4.312527507653967640e-01 1.019142920341131568e-02 1.924788230300466529e-01 -1.474506273047813606e-02 2.856042542494418579e-01 -1.474506273047809443e-02 -9.353340238095887715e-02
1.697567497646428059e-02 9.124175762268975642e-01 1.697567497646420426e-02 -4.076537827914056278e-02 -2.017263585241887980e-02 4.724696586985571711e-03 -2.017263585241905674e-02 -3.767137083351899257e-02 2.856042542494419134e-01 -4.312527507653965975e-01 1.571394455160185499e-02 -9.353340238095861348e-02 1.019142920341137987e-02 1.571394455160193132e-02 -9.353340238095922410e-02 -1.474506273047808402e-02 -1.474506273047845872e-02 1.019142920341089588e-02 1.924788230300464864e-01 2.856042542494409142e-01
9.124175762268981194e-01 1.697567497646422160e-02 1.697567497646422160e-02 -4.076537827914041012e-02 4.724696586985709622e-03 -2.017263585241917817e-02 -2.017263585241889715e-02 -3.767137083351920768e-02 -9.353340238095886328e-02 1.571394455160203887e-02 -4.312527507653968750e-01 1.019142920341124109e-02 2.856042542494412473e-01 1.571394455160217071e-02 2.856042542494412473e-01 -1.474506273047829219e-02 1.924788230300463754e-01 -9.353340238095898818e-02 -1.474506273047827831e-02 1.019142920341124456e-02
1.093024170254338484e-02 1.214530392716721419e-02 -2.680520877381792344e-02 -7.618620068064867190e-02 -5.260072050963309209e-01 1.234690770791202832e-02 -3.043536061463161715e-03 1.075290376953857985e-01 4.968804923617324565e-02 -2.694394630165423132e-01 9.817479296116342000e-03 1.298877211285803523e-01 -1.906866475829980742e-02 2.603404306887363226e-02 -3.966699838881027756e-02 1.076010168143031048e-01 -2.426688275814698967e-02 -1.728259192029167612e-02 2.380182227080425150e-01 1.297768728169253816e+00
1.214530392716750909e-02 1.093024170254326514e-02 -2.680520877381789568e-02 -7.618620068064875517e-02 1.234690770791235272e-02 -5.260072050963328083e-01 -3.043536061462888929e-03 1.075290376953855764e-01 -3.966699838881000695e-02 9.817479296116369755e-03 -2.694394630165433124e-01 -1.728259192029139857e-02 1.297768728169255370e+00 2.603404306887404512e-02 4.968804923617330810e-02 1.076010168143030354e-01 2.380182227080433199e-01 1.298877211285797695e-01 -2.426688275814708681e-02 -1.906866475829966864e-02
1.214530392716760797e-02 -2.680520877381785405e-02 1.093024170254326168e-02 -7.618620068064872741e-02 1.234690770791223302e-02 -3.043536061463128755e-03 -5.260072050963328083e-01 1.075290376953856875e-01 1.298877211285798250e-01 2.603404306887369818e-02 -2.694394630165436455e-01 -1.906866475829994620e-02 4.968804923617349545e-02 9.817479296116451287e-03 1.297768728169255370e+00 -2.426688275814706253e-02 2.380182227080431534e-01 -3.966699838881028450e-02 1.076010168143029799e-01 -1.728259192029148877e-02
-2.680520877381791997e-02 1.214530392716725582e-02 1.093024170254336576e-02 -7.618620068064857476e-02 -3.043536061462772269e-03 1.234690770791193291e-02 -5.260072050963313650e-01 1.075290376953852017e-01 1.297768728169254038e+00 -2.694394630165424243e-01 2.603404306887342062e-02 -3.966699838881001389e-02 -1.728259192029151653e-02 9.817479296116600473e-03 1.298877211285801581e-01 -2.426688275814684742e-02 1.076010168143027995e-01 -1.906866475829977967e-02 2.380182227080425150e-01 4.968804923617307218e-02
-2.680520877381794079e-02 1.093024170254333280e-02 1.214530392716727317e-02 -7.618620068064863027e-02 -3.043536061462834286e-03 -5.260072050963324752e-01 1.234690770791207169e-02 1.075290376953859234e-01 -1.906866475829966517e-02 9.817479296116583126e-03 2.603404306887367389e-02 4.968804923617325259e-02 1.298877211285802413e-01 -2.694394630165428128e-01 -1.728259192029137775e-02 2.380182227080431534e-01 1.076010168143031187e-01 1.297768728169254926e+00 -2.426688275814682660e-02 -3.966699838881035389e-02
1.093024170254339351e-02 -2.680520877381784364e-02 1.214530392716739460e-02 -7.618620068064865802e-02 -5.260072050963315871e-01 -3.043536061462982605e-03 1.234690770791200751e-02 1.075290376953859234e-01 -1.728259192029142632e-02 2.603404306887387859e-02 9.817479296116605678e-03 1.297768728169254260e+00 -3.966699838881041634e-02 -2.694394630165428128e-01 -1.906866475829975191e-02 2.380182227080430146e-01 -2.426688275814698620e-02 4.968804923617344688e-02 1.076010168143029105e-01 1.298877211285798805e-01
