-1.776356839400250465e-15 1.666240169962240891e-02 -1.666240169962229789e-02 -3.330669073875469621e-16 -6.412597883382026298e-02 6.412597883381943031e-02 -9.817103530991235548e-16 -2.284464562720822656e-01 2.284464562720813774e-01 -8.096965606543160554e-02 8.096965606543182759e-02 -1.902826490985662367e-02 1.902826490985665142e-02 -2.968235823045350941e-01 2.968235823045333177e-01
5.320310574554864003e-01 -4.943623329974185410e+00 5.153686557558639914e-01 -1.668497037618385415e+00 2.118084753790549613e+00 -1.604371058784565429e+00 1.189090704074044602e+00 2.136333242112813391e+00 1.417537160346125313e+00 -2.877453657493215911e+00 1.526761453986785755e+00 -6.568015224866359247e-01 -3.174277239797752337e+00 1.545789718896642073e+00 -7.377711785520628673e-01
-5.320310574554857341e-01 -5.153686557558648795e-01 4.943623329974187186e+00 1.668497037618384082e+00 1.604371058784563209e+00 -2.118084753790552277e+00 -1.189090704074044158e+00 -1.417537160346127978e+00 -2.136333242112813391e+00 -1.526761453986784201e+00 2.877453657493219463e+00 3.174277239797752337e+00 6.568015224866359247e-01 7.377711785520634225e-01 -1.545789718896641629e+00
-4.163336342344337027e-16 -8.323867188915184956e-02 8.323867188915173854e-02 -9.801187639268960083e-17 1.767047850928553654e-01 -1.767047850928542552e-01 -3.123044357844495522e-16 -2.508033750268637618e+00 2.508033750268637618e+00 -2.525315576529426620e-01 2.525315576529421069e-01 -3.160100937678250732e-02 3.160100937678217425e-02 -2.356239812122483013e+00 2.356239812122483457e+00
-1.031803103571674179e-01 4.609417395922249527e-02 -1.994163846801652595e-02 -1.492300533375872984e+00 -3.632813123758166785e-01 -1.669005318468729238e+00 -1.195282145424785281e-01 1.730263001372269738e+00 2.388505535726157980e+00 2.365427409367461653e+00 7.288527548607495188e-01 8.153976883786440144e-02 9.187597244981304812e-03 7.604537642375318596e-01 -1.709917888150780108e-01
1.031803103571679314e-01 1.994163846801680351e-02 -4.609417395922271732e-02 1.492300533375872984e+00 1.669005318468729460e+00 3.632813123758167340e-01 1.195282145424787501e-01 -2.388505535726158868e+00 -1.730263001372268850e+00 -7.288527548607490747e-01 -2.365427409367462097e+00 -9.187597244981637878e-03 -8.153976883786362428e-02 1.709917888150782050e-01 -7.604537642375320816e-01
-1.249000902703301108e-16 -9.213245156088651910e-01 9.213245156088649690e-01 -8.088148206741863078e-17 1.478053430463056372e+00 -1.478053430463055928e+00 2.432136523428107822e-16 6.576279579565775801e-01 -6.576279579565781352e-01 -1.844372618022505295e+00 1.844372618022506405e+00 -1.702391089912150379e+00 1.702391089912150157e+00 -2.828454530477452211e-01 2.828454530477451101e-01
-1.063952765527865996e+00 4.922131659554329630e-02 -1.426282499190013042e-01 1.892059090254095466e+00 -2.449733459341612019e-01 4.140056597910373171e-01 1.268686934621110485e-02 3.824491607376838243e+00 -6.449410886103679186e-01 2.548046964372858714e-01 1.863127236068942150e-01 -4.923230933097849649e-02 -2.804075661046034895e-02 1.888703813519045482e+00 -1.893604927353486067e+00
1.063952765527866440e+00 1.426282499190013042e-01 -4.922131659554374039e-02 -1.892059090254097242e+00 -4.140056597910399816e-01 2.449733459341620900e-01 -1.268686934621110485e-02 6.449410886103670304e-01 -3.824491607376836466e+00 -1.863127236068928827e-01 -2.548046964372849832e-01 2.804075661046012691e-02 4.923230933097877404e-02 1.893604927353486067e+00 -1.888703813519045926e+00
-6.700089687429428009e-01 -3.382891868158369730e-01 7.381136587329528709e-02 1.547856590176332592e+00 -2.110251502449067118e+00 6.449271066413237996e-01 1.536175324542075060e-01 -1.335288332277974721e+00 -1.896047521200510566e+00 -4.031390515234337002e+00 -1.712431320875252294e-01 -1.241305557641105839e-01 -2.099493539499279748e-01 -1.687561521519860053e+00 1.097628399289841905e+00
6.700089687429424679e-01 -7.381136587329573118e-02 3.382891868158371951e-01 -1.547856590176332370e+00 -6.449271066413237996e-01 2.110251502449064454e+00 -1.536175324542057297e-01 1.896047521200511898e+00 1.335288332277972945e+00 1.712431320875250074e-01 4.031390515234339667e+00 2.099493539499279748e-01 1.241305557641092516e-01 -1.097628399289842127e+00 1.687561521519860275e+00
-1.068368224642833597e-01 6.255688165573527471e-01 -2.583413129926358742e+00 -6.619114463571186269e-01 -1.477330712695793302e+00 1.546200852363405431e+00 1.915927180613949510e+00 3.742866353879677477e-01 1.355641220983662798e+00 1.639898802233691999e+00 -2.755439543527363089e+00 4.497931998799388764e-01 -8.886523802884598311e-01 1.700384034174277081e-01 1.590914669746716914e-01
1.068368224642846365e-01 2.583413129926360075e+00 -6.255688165573520809e-01 6.619114463571192930e-01 -1.546200852363404987e+00 1.477330712695793524e+00 -1.915927180613949732e+00 -1.355641220983661022e+00 -3.742866353879657493e-01 2.755439543527360868e+00 -1.639898802233692887e+00 8.886523802884598311e-01 -4.497931998799394315e-01 -1.590914669746718302e-01 -1.700384034174279302e-01
2.921702316742196714e+00 3.302545659098865549e-02 4.444015218558905467e-02 5.640506500856563576e-01 1.698433971579671464e-02 -7.052587748054156558e-02 -2.035288870568693897e-02 -1.987965941343627918e-02 -5.279041678421720896e-01 -4.590784765332012185e-02 -2.089760190013811858e-01 4.766271928616674924e-02 1.215166511285309392e-02 3.581597315354405620e+00 2.965388897477288843e+00
-2.921702316742197159e+00 -4.444015218558933222e-02 -3.302545659098787834e-02 -5.640506500856554695e-01 7.052587748054295336e-02 -1.698433971579804691e-02 2.035288870568702224e-02 5.279041678421731998e-01 1.987965941343583509e-02 2.089760190013829622e-01 4.590784765331834549e-02 -1.215166511285287188e-02 -4.766271928616645781e-02 -2.965388897477291064e+00 -3.581597315354402955e+00
-4.943623329974175640e+00 5.320310574554857341e-01 5.153686557558643244e-01 2.118084753790553165e+00 -1.668497037618384971e+00 -1.604371058784567650e+00 2.136333242112814279e+00 1.189090704074045490e+00 1.417537160346127978e+00 -7.377711785520634225e-01 -6.568015224866334822e-01 1.526761453986785755e+00 1.545789718896642517e+00 -3.174277239797759442e+00 -2.877453657493225236e+00
1.666240169962285300e-02 -2.168496502155670136e-14 -1.666240169962396322e-02 -6.412597883381776498e-02 -7.854936319440231074e-15 6.412597883382292752e-02 -2.284464562720831537e-01 -7.025630077706068732e-16 2.284464562720804892e-01 2.968235823045439759e-01 -1.902826490985481955e-02 8.096965606543182759e-02 -2.968235823045208832e-01 1.902826490985556895e-02 -8.096965606543138350e-02
-5.153686557558634362e-01 -5.320310574554881766e-01 4.943623329974183633e+00 1.604371058784565207e+00 1.668497037618385637e+00 -2.118084753790555830e+00 -1.417537160346123759e+00 -1.189090704074045046e+00 -2.136333242112813391e+00 -1.545789718896638965e+00 3.174277239797751449e+00 2.877453657493222128e+00 7.377711785520645327e-01 6.568015224866341484e-01 -1.526761453986786199e+00
4.609417395922343896e-02 -1.031803103571678482e-01 -1.994163846801602635e-02 -3.632813123758164564e-01 -1.492300533375873872e+00 -1.669005318468729016e+00 1.730263001372269738e+00 -1.195282145424788611e-01 2.388505535726158424e+00 -1.709917888150794263e-01 8.153976883786329122e-02 7.288527548607496298e-01 7.604537642375319706e-01 9.187597244980749700e-03 2.365427409367463873e+00
-8.323867188915101689e-02 -4.766152750246277492e-16 8.323867188915168303e-02 1.767047850928555874e-01 6.114900252818245008e-16 -1.767047850928553654e-01 -2.508033750268637174e+00 1.318389841742373392e-16 2.508033750268637174e+00 2.356239812122480792e+00 -3.160100937678306243e-02 2.525315576529428840e-01 -2.356239812122481680e+00 3.160100937678195221e-02 -2.525315576529411077e-01
1.994163846801616513e-02 1.031803103571680424e-01 -4.609417395922327243e-02 1.669005318468727905e+00 1.492300533375873872e+00 3.632813123758175111e-01 -2.388505535726158424e+00 1.195282145424787501e-01 -1.730263001372269294e+00 -7.604537642375313045e-01 -9.187597244980527655e-03 -2.365427409367463873e+00 1.709917888150783161e-01 -8.153976883786329122e-02 -7.288527548607504070e-01
4.922131659554296323e-02 -1.063952765527866884e+00 -1.426282499190006381e-01 -2.449733459341616459e-01 1.892059090254095910e+00 4.140056597910408698e-01 3.824491607376835134e+00 1.268686934621010565e-02 -6.449410886103672524e-01 -1.893604927353483625e+00 -4.923230933097838546e-02 1.863127236068933268e-01 1.888703813519045038e+00 -2.804075661045968282e-02 2.548046964372852052e-01
-9.213245156088645249e-01 -2.888314587501383812e-16 9.213245156088654131e-01 1.478053430463056817e+00 -3.903127820947815962e-16 -1.478053430463057927e+00 6.576279579565780242e-01 -1.387778780781445676e-16 -6.576279579565774691e-01 2.828454530477466089e-01 -1.702391089912150601e+00 1.844372618022506183e+00 -2.828454530477451101e-01 1.702391089912149935e+00 -1.844372618022506627e+00
1.426282499190009712e-01 1.063952765527865774e+00 -4.922131659554407346e-02 -4.140056597910408698e-01 -1.892059090254096354e+00 2.449733459341625341e-01 6.449410886103663643e-01 -1.268686934621066076e-02 -3.824491607376834690e+00 -1.888703813519043706e+00 2.804075661046123713e-02 -2.548046964372865375e-01 1.893604927353486289e+00 4.923230933097899609e-02 -1.863127236068948811e-01
-4.444015218558966529e-02 -2.921702316742193606e+00 -3.302545659098776731e-02 7.052587748053956718e-02 -5.640506500856607985e-01 -1.698433971579671464e-02 5.279041678421738659e-01 2.035288870568735531e-02 1.987965941343938781e-02 -3.581597315354398958e+00 -1.215166511285481477e-02 4.590784765331634709e-02 -2.965388897477292396e+00 -4.766271928616572229e-02 2.089760190013831842e-01
6.255688165573524140e-01 -1.068368224642833181e-01 -2.583413129926359186e+00 -1.477330712695793080e+00 -6.619114463571197371e-01 1.546200852363407208e+00 3.742866353879666930e-01 1.915927180613950176e+00 1.355641220983661244e+00 1.590914669746708865e-01 4.497931998799395981e-01 -2.755439543527363533e+00 1.700384034174277081e-01 -8.886523802884593870e-01 1.639898802233693553e+00
-7.381136587329462095e-02 6.700089687429423568e-01 3.382891868158375281e-01 -6.449271066413198028e-01 -1.547856590176335256e+00 2.110251502449059569e+00 1.896047521200513009e+00 -1.536175324542061738e-01 1.335288332277975609e+00 1.687561521519859165e+00 2.099493539499253103e-01 4.031390515234344996e+00 -1.097628399289841239e+00 1.241305557641088075e-01 1.712431320875253959e-01
3.302545659098898856e-02 2.921702316742200711e+00 4.444015218558938773e-02 1.698433971579715873e-02 5.640506500856563576e-01 -7.052587748054084393e-02 -1.987965941343672327e-02 -2.035288870568691122e-02 -5.279041678421725337e-01 2.965388897477285735e+00 4.766271928616771375e-02 -2.089760190013805197e-01 3.581597315354406508e+00 1.215166511285320494e-02 -4.590784765331967776e-02
2.583413129926357854e+00 1.068368224642843173e-01 -6.255688165573529691e-01 -1.546200852363405875e+00 6.619114463571190710e-01 1.477330712695794857e+00 -1.355641220983662354e+00 -1.915927180613949954e+00 -3.742866353879660268e-01 -1.700384034174290959e-01 8.886523802884599421e-01 -1.639898802233693109e+00 -1.590914669746719412e-01 -4.497931998799383213e-01 2.755439543527363089e+00
-3.382891868158386384e-01 -6.700089687429420238e-01 7.381136587329506504e-02 -2.110251502449062233e+00 1.547856590176335700e+00 6.449271066413222453e-01 -1.335288332277974943e+00 1.536175324542052856e-01 -1.896047521200513453e+00 1.097628399289842793e+00 -1.241305557641092516e-01 -1.712431320875257290e-01 -1.687561521519860719e+00 -2.099493539499266426e-01 -4.031390515234340555e+00
