2.999999999999999112e+00 2.000000000000000000e+00 -1.999999999999999778e+00 -1.554312234475219157e-15 0.000000000000000000e+00 1.110223024625156540e-15 0.000000000000000000e+00 0.000000000000000000e+00 0.000000000000000000e+00
-1.249999999999999778e+00 0.000000000000000000e+00 1.249999999999999778e+00 0.000000000000000000e+00 0.000000000000000000e+00 0.000000000000000000e+00 0.000000000000000000e+00 0.000000000000000000e+00 0.000000000000000000e+00
1.999999999999999556e+00 -2.000000000000000000e+00 -2.999999999999999112e+00 -1.554312234475219157e-15 0.000000000000000000e+00 1.776356839400250465e-15 0.000000000000000000e+00 0.000000000000000000e+00 0.000000000000000000e+00
0.000000000000000000e+00 0.000000000000000000e+00 0.000000000000000000e+00 3.000000000000000000e+00 2.000000000000000000e+00 -2.000000000000000000e+00 0.000000000000000000e+00 0.000000000000000000e+00 0.000000000000000000e+00
0.000000000000000000e+00 0.000000000000000000e+00 0.000000000000000000e+00 -1.250000000000000000e+00 0.000000000000000000e+00 1.250000000000000000e+00 0.000000000000000000e+00 0.000000000000000000e+00 0.000000000000000000e+00
0.000000000000000000e+00 0.000000000000000000e+00 0.000000000000000000e+00 2.000000000000000000e+00 -2.000000000000000000e+00 -3.000000000000000000e+00 0.000000000000000000e+00 0.000000000000000000e+00 0.000000000000000000e+00
0.000000000000000000e+00 0.000000000000000000e+00 0.000000000000000000e+00 -1.110223024625156540e-15 0.000000000000000000e+00 1.332267629550187849e-15 2.999999999999998224e+00 2.000000000000000000e+00 -1.999999999999998446e+00
0.000000000000000000e+00 0.000000000000000000e+00 0.000000000000000000e+00 0.000000000000000000e+00 0.000000000000000000e+00 0.000000000000000000e+00 -1.249999999999999778e+00 0.000000000000000000e+00 1.249999999999999556e+00
0.000000000000000000e+00 0.000000000000000000e+00 0.000000000000000000e+00 -1.554312234475219157e-15 0.000000000000000000e+00 1.332267629550187849e-15 1.999999999999998890e+00 -1.999999999999999778e+00 -2.999999999999997335e+00
2.999999999999999112e+00 -1.332267629550187849e-15 0.000000000000000000e+00 2.000000000000000000e+00 0.000000000000000000e+00 0.000000000000000000e+00 -1.999999999999999778e+00 1.110223024625156540e-15 0.000000000000000000e+00
0.000000000000000000e+00 2.999999999999999556e+00 0.000000000000000000e+00 0.000000000000000000e+00 2.000000000000000000e+00 0.000000000000000000e+00 0.000000000000000000e+00 -1.999999999999999778e+00 0.000000000000000000e+00
0.000000000000000000e+00 -1.332267629550187849e-15 2.999999999999998224e+00 0.000000000000000000e+00 0.000000000000000000e+00 2.000000000000000000e+00 0.000000000000000000e+00 0.000000000000000000e+00 -1.999999999999998446e+00
-1.249999999999999778e+00 0.000000000000000000e+00 0.000000000000000000e+00 0.000000000000000000e+00 0.000000000000000000e+00 0.000000000000000000e+00 1.249999999999999778e+00 0.000000000000000000e+00 0.000000000000000000e+00
0.000000000000000000e+00 -1.250000000000000000e+00 0.000000000000000000e+00 0.000000000000000000e+00 0.000000000000000000e+00 0.000000000000000000e+00 0.000000000000000000e+00 1.250000000000000000e+00 0.000000000000000000e+00
0.000000000000000000e+00 0.000000000000000000e+00 -1.249999999999999778e+00 0.000000000000000000e+00 0.000000000000000000e+00 0.000000000000000000e+00 0.000000000000000000e+00 0.000000000000000000e+00 1.249999999999999556e+00
1.999999999999999556e+00 -1.554312234475219157e-15 0.000000000000000000e+00 -2.000000000000000000e+00 0.000000000000000000e+00 0.000000000000000000e+00 -2.999999999999999112e+00 1.554312234475219157e-15 0.000000000000000000e+00
0.000000000000000000e+00 2.000000000000000000e+00 0.000000000000000000e+00 0.000000000000000000e+00 -2.000000000000000000e+00 0.000000000000000000e+00 0.000000000000000000e+00 -3.000000000000000000e+00 0.000000000000000000e+00
0.000000000000000000e+00 -1.332267629550187849e-15 1.999999999999998668e+00 0.000000000000000000e+00 0.000000000000000000e+00 -2.000000000000000000e+00 0.000000000000000000e+00 1.332267629550187849e-15 -2.999999999999996447e+00
