1.526788125457266831e+00 0.000000000000000000e+00 0.000000000000000000e+00 0.000000000000000000e+00 -8.136324494869275892e-01 0.000000000000000000e+00 0.000000000000000000e+00 0.000000000000000000e+00 4.007615203116502989e-01 0.000000000000000000e+00 0.000000000000000000e+00 0.000000000000000000e+00 -1.139171962819899853e-01 0.000000000000000000e+00 0.000000000000000000e+00 0.000000000000000000e+00
0.000000000000000000e+00 1.526788125457266609e+00 0.000000000000000000e+00 0.000000000000000000e+00 0.000000000000000000e+00 -8.136324494869270341e-01 0.000000000000000000e+00 0.000000000000000000e+00 0.000000000000000000e+00 4.007615203116505209e-01 0.000000000000000000e+00 0.000000000000000000e+00 0.000000000000000000e+00 -1.139171962819899853e-01 0.000000000000000000e+00 0.000000000000000000e+00
0.000000000000000000e+00 0.000000000000000000e+00 1.526788125457266609e+00 0.000000000000000000e+00 0.000000000000000000e+00 0.000000000000000000e+00 -8.136324494869270341e-01 0.000000000000000000e+00 0.000000000000000000e+00 0.000000000000000000e+00 4.007615203116504654e-01 0.000000000000000000e+00 0.000000000000000000e+00 0.000000000000000000e+00 -1.139171962819900408e-01 0.000000000000000000e+00
0.000000000000000000e+00 0.000000000000000000e+00 0.000000000000000000e+00 1.526788125457266831e+00 0.000000000000000000e+00 0.000000000000000000e+00 0.000000000000000000e+00 -8.136324494869277002e-01 0.000000000000000000e+00 0.000000000000000000e+00 0.000000000000000000e+00 4.007615203116507985e-01 0.000000000000000000e+00 0.000000000000000000e+00 0.000000000000000000e+00 -1.139171962819899575e-01
-1.139171962819903461e-01 4.007615203116506875e-01 -8.136324494869267010e-01 1.526788125457266831e+00 0.000000000000000000e+00 0.000000000000000000e+00 0.000000000000000000e+00 0.000000000000000000e+00 0.000000000000000000e+00 0.000000000000000000e+00 0.000000000000000000e+00 0.000000000000000000e+00 0.000000000000000000e+00 0.000000000000000000e+00 0.000000000000000000e+00 0.000000000000000000e+00
0.000000000000000000e+00 0.000000000000000000e+00 0.000000000000000000e+00 0.000000000000000000e+00 -1.139171962819898742e-01 4.007615203116505209e-01 -8.136324494869272561e-01 1.526788125457266831e+00 0.000000000000000000e+00 0.000000000000000000e+00 0.000000000000000000e+00 0.000000000000000000e+00 0.000000000000000000e+00 0.000000000000000000e+00 0.000000000000000000e+00 0.000000000000000000e+00
0.000000000000000000e+00 0.000000000000000000e+00 0.000000000000000000e+00 0.000000000000000000e+00 0.000000000000000000e+00 0.000000000000000000e+00 0.000000000000000000e+00 0.000000000000000000e+00 -1.139171962819898465e-01 4.007615203116502434e-01 -8.136324494869273671e-01 1.526788125457267054e+00 0.000000000000000000e+00 0.000000000000000000e+00 0.000000000000000000e+00 0.000000000000000000e+00
0.000000000000000000e+00 0.000000000000000000e+00 0.000000000000000000e+00 0.000000000000000000e+00 0.000000000000000000e+00 0.000000000000000000e+00 0.000000000000000000e+00 0.000000000000000000e+00 0.000000000000000000e+00 0.000000000000000000e+00 0.000000000000000000e+00 0.000000000000000000e+00 -1.139171962819899853e-01 4.007615203116504654e-01 -8.136324494869271451e-01 1.526788125457266609e+00
-1.139171962819899020e-01 0.000000000000000000e+00 0.000000000000000000e+00 0.000000000000000000e+00 4.007615203116504654e-01 0.000000000000000000e+00 0.000000000000000000e+00 0.000000000000000000e+00 -8.136324494869273671e-01 0.000000000000000000e+00 0.000000000000000000e+00 0.000000000000000000e+00 1.526788125457266609e+00 0.000000000000000000e+00 0.000000000000000000e+00 0.000000000000000000e+00
0.000000000000000000e+00 -1.139171962819900685e-01 0.000000000000000000e+00 0.000000000000000000e+00 0.000000000000000000e+00 4.007615203116501879e-01 0.000000000000000000e+00 0.000000000000000000e+00 0.000000000000000000e+00 -8.136324494869271451e-01 0.000000000000000000e+00 0.000000000000000000e+00 0.000000000000000000e+00 1.526788125457266609e+00 0.000000000000000000e+00 0.000000000000000000e+00
0.000000000000000000e+00 0.000000000000000000e+00 -1.139171962819900408e-01 0.000000000000000000e+00 0.000000000000000000e+00 0.000000000000000000e+00 4.007615203116502434e-01 0.000000000000000000e+00 0.000000000000000000e+00 0.000000000000000000e+00 -8.136324494869271451e-01 0.000000000000000000e+00 0.000000000000000000e+00 0.000000000000000000e+00 1.526788125457266609e+00 0.000000000000000000e+00
0.000000000000000000e+00 0.000000000000000000e+00 0.000000000000000000e+00 -1.139171962819901518e-01 0.000000000000000000e+00 0.000000000000000000e+00 0.000000000000000000e+00 4.007615203116507985e-01 0.000000000000000000e+00 0.000000000000000000e+00 0.000000000000000000e+00 -8.136324494869270341e-01 0.000000000000000000e+00 0.000000000000000000e+00 0.000000000000000000e+00 1.526788125457267054e+00
1.526788125457267054e+00 -8.136324494869271451e-01 4.007615203116505764e-01 -1.139171962819900408e-01 0.000000000000000000e+00 0.000000000000000000e+00 0.000000000000000000e+00 0.000000000000000000e+00 0.000000000000000000e+00 0.000000000000000000e+00 0.000000000000000000e+00 0.000000000000000000e+00 0.000000000000000000e+00 0.000000000000000000e+00 0.000000000000000000e+00 0.000000000000000000e+00
0.000000000000000000e+00 0.000000000000000000e+00 0.000000000000000000e+00 0.000000000000000000e+00 1.526788125457266831e+00 -8.136324494869277002e-01 4.007615203116502989e-01 -1.139171962819898049e-01 0.000000000000000000e+00 0.000000000000000000e+00 0.000000000000000000e+00 0.000000000000000000e+00 0.000000000000000000e+00 0.000000000000000000e+00 0.000000000000000000e+00 0.000000000000000000e+00
0.000000000000000000e+00 0.000000000000000000e+00 0.000000000000000000e+00 0.000000000000000000e+00 0.000000000000000000e+00 0.000000000000000000e+00 0.000000000000000000e+00 0.000000000000000000e+00 1.526788125457266609e+00 -8.136324494869270341e-01 4.007615203116502434e-01 -1.139171962819900269e-01 0.000000000000000000e+00 0.000000000000000000e+00 0.000000000000000000e+00 0.000000000000000000e+00
0.000000000000000000e+00 0.000000000000000000e+00 0.000000000000000000e+00 0.000000000000000000e+00 0.000000000000000000e+00 0.000000000000000000e+00 0.000000000000000000e+00 0.000000000000000000e+00 0.000000000000000000e+00 0.000000000000000000e+00 0.000000000000000000e+00 0.000000000000000000e+00 1.526788125457266831e+00 -8.136324494869273671e-01 4.007615203116508540e-01 -1.139171962819898604e-01
