0.000000000000000000e+00 0.000000000000000000e+00 0.000000000000000000e+00 -9.694942634794133374e-02 3.027634270400688110e-01 3.298485680438134171e+00 9.694942634794129210e-02 -3.027634270400688110e-01 -3.298485680438134615e+00
-0.000000000000000000e+00 0.000000000000000000e+00 0.000000000000000000e+00 3.298485680438135503e+00 3.027634270400684779e-01 -9.694942634794165293e-02 -3.919825279273305707e-01 -7.278064792531958593e-01 -3.919825279273306817e-01
0.000000000000000000e+00 0.000000000000000000e+00 -0.000000000000000000e+00 3.919825279273306817e-01 7.278064792531951932e-01 3.919825279273305152e-01 -3.298485680438135503e+00 -3.027634270400689775e-01 9.694942634794168068e-02
0.000000000000000000e+00 0.000000000000000000e+00 0.000000000000000000e+00 -7.311661303469743078e-01 -6.867884842939155909e-01 5.601583668738421666e-03 7.311661303469745299e-01 6.867884842939155909e-01 -5.601583668738419064e-03
-0.000000000000000000e+00 -0.000000000000000000e+00 0.000000000000000000e+00 5.601583668738578659e-03 -6.867884842939157020e-01 -7.311661303469739748e-01 -2.002935145740352696e-01 -2.706910301921165107e+00 -2.002935145740357692e-01
0.000000000000000000e+00 -0.000000000000000000e+00 -0.000000000000000000e+00 2.002935145740352418e-01 2.706910301921164663e+00 2.002935145740356304e-01 -5.601583668738641109e-03 6.867884842939158130e-01 7.311661303469740858e-01
-3.919825279273307927e-01 -7.278064792531957483e-01 -3.919825279273307927e-01 -9.694942634794133374e-02 3.027634270400688110e-01 3.298485680438134171e+00 -0.000000000000000000e+00 0.000000000000000000e+00 0.000000000000000000e+00
9.694942634794168068e-02 -3.027634270400690886e-01 -3.298485680438135503e+00 3.298485680438135503e+00 3.027634270400684779e-01 -9.694942634794165293e-02 0.000000000000000000e+00 0.000000000000000000e+00 0.000000000000000000e+00
-3.298485680438135947e+00 -3.027634270400690886e-01 9.694942634794168068e-02 3.919825279273306817e-01 7.278064792531951932e-01 3.919825279273305152e-01 0.000000000000000000e+00 0.000000000000000000e+00 -0.000000000000000000e+00
-2.002935145740351031e-01 -2.706910301921165107e+00 -2.002935145740351031e-01 -7.311661303469743078e-01 -6.867884842939155909e-01 5.601583668738421666e-03 -0.000000000000000000e+00 -0.000000000000000000e+00 0.000000000000000000e+00
7.311661303469740858e-01 6.867884842939155909e-01 -5.601583668738641109e-03 5.601583668738578659e-03 -6.867884842939157020e-01 -7.311661303469739748e-01 0.000000000000000000e+00 0.000000000000000000e+00 0.000000000000000000e+00
-5.601583668738530086e-03 6.867884842939155909e-01 7.311661303469743078e-01 2.002935145740352418e-01 2.706910301921164663e+00 2.002935145740356304e-01 0.000000000000000000e+00 -0.000000000000000000e+00 -0.000000000000000000e+00
