5.000000000000007105e+00 4.045084971874736368e+00 -1.545084971874736368e+00 2.500000000000000888e+00 1.998401444325281378e-15 2.220446049250313081e-15 0.000000000000000000e+00 0.000000000000000000e+00 -1.110223024625156343e-15 0.000000000000000000e+00 0.000000000000000000e+00 0.000000000000000000e+00 0.000000000000000000e+00 0.000000000000000000e+00 0.000000000000000000e+00 0.000000000000000000e+00
-1.703444185374864528e+00 0.000000000000000000e+00 1.118033988749894903e+00 -1.203444185374864306e+00 0.000000000000000000e+00 0.000000000000000000e+00 0.000000000000000000e+00 0.000000000000000000e+00 0.000000000000000000e+00 0.000000000000000000e+00 0.000000000000000000e+00 0.000000000000000000e+00 0.000000000000000000e+00 0.000000000000000000e+00 0.000000000000000000e+00 0.000000000000000000e+00
1.203444185374864750e+00 -1.118033988749894903e+00 0.000000000000000000e+00 1.703444185374864306e+00 0.000000000000000000e+00 0.000000000000000000e+00 0.000000000000000000e+00 0.000000000000000000e+00 0.000000000000000000e+00 0.000000000000000000e+00 0.000000000000000000e+00 0.000000000000000000e+00 0.000000000000000000e+00 0.000000000000000000e+00 0.000000000000000000e+00 0.000000000000000000e+00
-2.500000000000002665e+00 1.545084971874736146e+00 -4.045084971874736368e+00 -5.000000000000005329e+00 0.000000000000000000e+00 1.332267629550187849e-15 1.170965406187439399e-30 -1.554312234475219157e-15 1.110223024625156343e-15 0.000000000000000000e+00 0.000000000000000000e+00 1.110223024625156540e-15 0.000000000000000000e+00 0.000000000000000000e+00 0.000000000000000000e+00 1.110223024625156540e-15
-1.554312234475219945e-15 0.000000000000000000e+00 0.000000000000000000e+00 0.000000000000000000e+00 4.999999999999998224e+00 4.045084971874736368e+00 -1.545084971874736590e+00 2.500000000000000000e+00 0.000000000000000000e+00 0.000000000000000000e+00 0.000000000000000000e+00 0.000000000000000000e+00 0.000000000000000000e+00 0.000000000000000000e+00 0.000000000000000000e+00 0.000000000000000000e+00
0.000000000000000000e+00 0.000000000000000000e+00 0.000000000000000000e+00 0.000000000000000000e+00 -1.703444185374862752e+00 0.000000000000000000e+00 1.118033988749894903e+00 -1.203444185374863196e+00 0.000000000000000000e+00 0.000000000000000000e+00 0.000000000000000000e+00 0.000000000000000000e+00 0.000000000000000000e+00 0.000000000000000000e+00 0.000000000000000000e+00 0.000000000000000000e+00
0.000000000000000000e+00 0.000000000000000000e+00 0.000000000000000000e+00 0.000000000000000000e+00 1.203444185374863196e+00 -1.118033988749894680e+00 0.000000000000000000e+00 1.703444185374863196e+00 0.000000000000000000e+00 0.000000000000000000e+00 0.000000000000000000e+00 0.000000000000000000e+00 0.000000000000000000e+00 0.000000000000000000e+00 0.000000000000000000e+00 0.000000000000000000e+00
0.000000000000000000e+00 0.000000000000000000e+00 0.000000000000000000e+00 1.665334536937734811e-15 -2.500000000000000000e+00 1.545084971874737034e+00 -4.045084971874737256e+00 -4.999999999999999112e+00 0.000000000000000000e+00 0.000000000000000000e+00 0.000000000000000000e+00 1.110223024625156540e-15 0.000000000000000000e+00 0.000000000000000000e+00 0.000000000000000000e+00 0.000000000000000000e+00
1.332267629550188440e-15 0.000000000000000000e+00 0.000000000000000000e+00 0.000000000000000000e+00 0.000000000000000000e+00 0.000000000000000000e+00 0.000000000000000000e+00 0.000000000000000000e+00 4.999999999999999112e+00 4.045084971874737256e+00 -1.545084971874736146e+00 2.500000000000000000e+00 0.000000000000000000e+00 0.000000000000000000e+00 0.000000000000000000e+00 0.000000000000000000e+00
0.000000000000000000e+00 0.000000000000000000e+00 0.000000000000000000e+00 0.000000000000000000e+00 0.000000000000000000e+00 0.000000000000000000e+00 0.000000000000000000e+00 0.000000000000000000e+00 -1.703444185374863196e+00 0.000000000000000000e+00 1.118033988749894903e+00 -1.203444185374863418e+00 0.000000000000000000e+00 0.000000000000000000e+00 0.000000000000000000e+00 0.000000000000000000e+00
0.000000000000000000e+00 0.000000000000000000e+00 0.000000000000000000e+00 0.000000000000000000e+00 0.000000000000000000e+00 0.000000000000000000e+00 0.000000000000000000e+00 0.000000000000000000e+00 1.203444185374863418e+00 -1.118033988749894903e+00 0.000000000000000000e+00 1.703444185374863196e+00 0.000000000000000000e+00 0.000000000000000000e+00 0.000000000000000000e+00 0.000000000000000000e+00
0.000000000000000000e+00 0.000000000000000000e+00 0.000000000000000000e+00 -1.443289932012703503e-15 0.000000000000000000e+00 0.000000000000000000e+00 0.000000000000000000e+00 0.000000000000000000e+00 -2.499999999999999556e+00 1.545084971874736812e+00 -4.045084971874736368e+00 -4.999999999999999112e+00 0.000000000000000000e+00 0.000000000000000000e+00 1.165734175856414367e-15 0.000000000000000000e+00
0.000000000000000000e+00 -1.443289932012703503e-15 0.000000000000000000e+00 0.000000000000000000e+00 1.443289932012703503e-15 -1.110223024625156540e-15 2.109423746787798216e-15 -1.110223024625156540e-15 0.000000000000000000e+00 0.000000000000000000e+00 0.000000000000000000e+00 0.000000000000000000e+00 5.000000000000001776e+00 4.045084971874736368e+00 -1.545084971874737034e+00 2.500000000000000444e+00
0.000000000000000000e+00 0.000000000000000000e+00 0.000000000000000000e+00 0.000000000000000000e+00 0.000000000000000000e+00 0.000000000000000000e+00 -9.433629782339633509e-16 0.000000000000000000e+00 0.000000000000000000e+00 0.000000000000000000e+00 0.000000000000000000e+00 0.000000000000000000e+00 -1.703444185374864084e+00 0.000000000000000000e+00 1.118033988749894903e+00 -1.203444185374862974e+00
0.000000000000000000e+00 0.000000000000000000e+00 0.000000000000000000e+00 0.000000000000000000e+00 0.000000000000000000e+00 0.000000000000000000e+00 9.433629782339641397e-16 0.000000000000000000e+00 0.000000000000000000e+00 0.000000000000000000e+00 0.000000000000000000e+00 0.000000000000000000e+00 1.203444185374863862e+00 -1.118033988749894680e+00 0.000000000000000000e+00 1.703444185374863640e+00
0.000000000000000000e+00 0.000000000000000000e+00 0.000000000000000000e+00 1.221245327087672194e-15 -1.332267629550187651e-15 0.000000000000000000e+00 -6.439293542825906357e-15 2.886579864025407005e-15 -1.998401444325281378e-15 0.000000000000000000e+00 1.776356839400250465e-15 2.886579864025407005e-15 -2.500000000000001332e+00 1.545084971874737034e+00 -4.045084971874738144e+00 -4.999999999999999112e+00
5.000000000000007105e+00 1.221245327087672589e-15 0.000000000000000000e+00 0.000000000000000000e+00 4.045084971874735480e+00 1.776356839400250465e-15 0.000000000000000000e+00 0.000000000000000000e+00 -1.545084971874737256e+00 0.000000000000000000e+00 0.000000000000000000e+00 1.443289932012703503e-15 2.500000000000002665e+00 0.000000000000000000e+00 1.110223024625156540e-15 0.000000000000000000e+00
-1.609823385706477772e-15 5.000000000000001776e+00 0.000000000000000000e+00 0.000000000000000000e+00 0.000000000000000000e+00 4.045084971874736368e+00 0.000000000000000000e+00 0.000000000000000000e+00 0.000000000000000000e+00 -1.545084971874736812e+00 0.000000000000000000e+00 0.000000000000000000e+00 0.000000000000000000e+00 2.500000000000000000e+00 0.000000000000000000e+00 0.000000000000000000e+00
1.165734175856414959e-15 0.000000000000000000e+00 5.000000000000000000e+00 0.000000000000000000e+00 0.000000000000000000e+00 0.000000000000000000e+00 4.045084971874737256e+00 0.000000000000000000e+00 0.000000000000000000e+00 0.000000000000000000e+00 -1.545084971874736146e+00 0.000000000000000000e+00 0.000000000000000000e+00 0.000000000000000000e+00 2.500000000000000000e+00 0.000000000000000000e+00
0.000000000000000000e+00 0.000000000000000000e+00 -3.330669073875469621e-16 5.000000000000001776e+00 0.000000000000000000e+00 0.000000000000000000e+00 2.109423746787797821e-15 4.045084971874736368e+00 0.000000000000000000e+00 0.000000000000000000e+00 0.000000000000000000e+00 -1.545084971874737700e+00 0.000000000000000000e+00 -1.110223024625156343e-15 -1.110223024625156540e-15 2.500000000000000000e+00
-1.703444185374864528e+00 0.000000000000000000e+00 0.000000000000000000e+00 0.000000000000000000e+00 0.000000000000000000e+00 0.000000000000000000e+00 0.000000000000000000e+00 0.000000000000000000e+00 1.118033988749894903e+00 0.000000000000000000e+00 0.000000000000000000e+00 0.000000000000000000e+00 -1.203444185374864528e+00 0.000000000000000000e+00 0.000000000000000000e+00 0.000000000000000000e+00
0.000000000000000000e+00 -1.703444185374863418e+00 0.000000000000000000e+00 0.000000000000000000e+00 0.000000000000000000e+00 0.000000000000000000e+00 0.000000000000000000e+00 0.000000000000000000e+00 0.000000000000000000e+00 1.118033988749894680e+00 0.000000000000000000e+00 0.000000000000000000e+00 0.000000000000000000e+00 -1.203444185374863196e+00 0.000000000000000000e+00 0.000000000000000000e+00
0.000000000000000000e+00 0.000000000000000000e+00 -1.703444185374863640e+00 0.000000000000000000e+00 0.000000000000000000e+00 0.000000000000000000e+00 0.000000000000000000e+00 0.000000000000000000e+00 0.000000000000000000e+00 0.000000000000000000e+00 1.118033988749894903e+00 0.000000000000000000e+00 0.000000000000000000e+00 0.000000000000000000e+00 -1.203444185374863196e+00 0.000000000000000000e+00
0.000000000000000000e+00 0.000000000000000000e+00 0.000000000000000000e+00 -1.703444185374863418e+00 0.000000000000000000e+00 0.000000000000000000e+00 -9.433629782339631536e-16 0.000000000000000000e+00 0.000000000000000000e+00 0.000000000000000000e+00 0.000000000000000000e+00 1.118033988749894903e+00 0.000000000000000000e+00 0.000000000000000000e+00 0.000000000000000000e+00 -1.203444185374862752e+00
1.203444185374864528e+00 0.000000000000000000e+00 0.000000000000000000e+00 0.000000000000000000e+00 -1.118033988749895125e+00 0.000000000000000000e+00 0.000000000000000000e+00 0.000000000000000000e+00 0.000000000000000000e+00 0.000000000000000000e+00 0.000000000000000000e+00 0.000000000000000000e+00 1.703444185374864306e+00 0.000000000000000000e+00 0.000000000000000000e+00 0.000000000000000000e+00
0.000000000000000000e+00 1.203444185374863640e+00 0.000000000000000000e+00 0.000000000000000000e+00 0.000000000000000000e+00 -1.118033988749894680e+00 0.000000000000000000e+00 0.000000000000000000e+00 0.000000000000000000e+00 0.000000000000000000e+00 0.000000000000000000e+00 0.000000000000000000e+00 0.000000000000000000e+00 1.703444185374863196e+00 0.000000000000000000e+00 0.000000000000000000e+00
0.000000000000000000e+00 0.000000000000000000e+00 1.203444185374863640e+00 0.000000000000000000e+00 0.000000000000000000e+00 0.000000000000000000e+00 -1.118033988749894680e+00 0.000000000000000000e+00 0.000000000000000000e+00 0.000000000000000000e+00 0.000000000000000000e+00 0.000000000000000000e+00 0.000000000000000000e+00 0.000000000000000000e+00 1.703444185374863640e+00 0.000000000000000000e+00
0.000000000000000000e+00 0.000000000000000000e+00 0.000000000000000000e+00 1.203444185374863640e+00 0.000000000000000000e+00 0.000000000000000000e+00 9.433629782339637453e-16 -1.118033988749894903e+00 0.000000000000000000e+00 0.000000000000000000e+00 0.000000000000000000e+00 0.000000000000000000e+00 0.000000000000000000e+00 0.000000000000000000e+00 0.000000000000000000e+00 1.703444185374863418e+00
-2.500000000000001776e+00 0.000000000000000000e+00 0.000000000000000000e+00 0.000000000000000000e+00 1.545084971874735480e+00 1.332267629550187849e-15 1.288061946806183339e-30 -1.554312234475219157e-15 -4.045084971874738144e+00 0.000000000000000000e+00 0.000000000000000000e+00 0.000000000000000000e+00 -5.000000000000006217e+00 -1.554312234475218959e-15 0.000000000000000000e+00 1.221245327087672194e-15
0.000000000000000000e+00 -2.500000000000000888e+00 0.000000000000000000e+00 0.000000000000000000e+00 0.000000000000000000e+00 1.545084971874737034e+00 0.000000000000000000e+00 0.000000000000000000e+00 0.000000000000000000e+00 -4.045084971874736368e+00 0.000000000000000000e+00 0.000000000000000000e+00 1.554312234475219551e-15 -4.999999999999998224e+00 1.221245327087672194e-15 0.000000000000000000e+00
0.000000000000000000e+00 0.000000000000000000e+00 -2.499999999999998668e+00 0.000000000000000000e+00 0.000000000000000000e+00 0.000000000000000000e+00 1.545084971874737256e+00 0.000000000000000000e+00 0.000000000000000000e+00 0.000000000000000000e+00 -4.045084971874736368e+00 0.000000000000000000e+00 -1.221245327087672392e-15 0.000000000000000000e+00 -4.999999999999998224e+00 0.000000000000000000e+00
0.000000000000000000e+00 -1.554312234475219551e-15 -1.332267629550187849e-15 -2.500000000000000888e+00 -1.443289932012703503e-15 1.332267629550187849e-15 -5.995204332975843741e-15 1.545084971874735924e+00 0.000000000000000000e+00 0.000000000000000000e+00 0.000000000000000000e+00 -4.045084971874738144e+00 1.110223024625156738e-15 3.552713678800500535e-15 -6.661338147750939243e-16 -4.999999999999999112e+00
