-3.090169943749497827e-01 6.366100187501755325e-02 1.181694990624914787e+00 6.366100187501752550e-02
-3.090169943749498938e-01 1.181694990624915009e+00 6.366100187501727570e-02 6.366100187501755325e-02
-3.090169943749494497e-01 6.366100187501760876e-02 6.366100187501771979e-02 1.181694990624915453e+00
1.181694990624914787e+00 6.366100187501749774e-02 -3.090169943749498938e-01 6.366100187501749774e-02
6.366100187501733121e-02 1.181694990624915009e+00 -3.090169943749499493e-01 6.366100187501760876e-02
6.366100187501766428e-02 6.366100187501766428e-02 -3.090169943749495607e-01 1.181694990624915675e+00
6.366100187501741448e-02 -3.090169943749498382e-01 1.181694990624915009e+00 6.366100187501755325e-02
1.181694990624914787e+00 -3.090169943749498382e-01 6.366100187501738672e-02 6.366100187501771979e-02
6.366100187501769203e-02 -3.090169943749495607e-01 6.366100187501769203e-02 1.181694990624915453e+00
6.366100187501755325e-02 6.366100187501730345e-02 1.181694990624914787e+00 -3.090169943749500048e-01
6.366100187501744223e-02 1.181694990624914787e+00 6.366100187501722019e-02 -3.090169943749500048e-01
1.181694990624914787e+00 6.366100187501733121e-02 6.366100187501733121e-02 -3.090169943749499493e-01
