-4.033782142102011747e-02 5.709515463396784563e-03 1.373104610090496447e+00 1.514722973168465721e-02 -9.945641705489028164e-03 -3.122975366206756642e-02 2.180851443513512691e-02 -9.305564370999198920e-03 -4.503877257883504362e-03 2.766145892496579481e-03 -7.658940283421307171e-01 1.912655167372198373e-01 -2.052917464164802364e-02 1.360542721573954061e-01 -7.104272133389009924e-03 1.550181040494011874e-03 4.450227078186292928e-01 -8.690882208005668019e-02 4.349199374024964593e-02 -2.601980916210426820e-01 3.636012852635843104e-05
-7.049424280334636028e-02 -1.186050719298524514e-02 4.825501045601005012e-03 -1.726227266266549543e-01 1.551911625790553147e-02 -7.387089938631921093e-01 -6.873304808174177756e-04 3.834712927451867648e-01 -3.196809283119953632e-02 -4.926250802270716947e-03 -2.339404664038509662e-01 1.407611041132645457e+00 4.340528527085282806e-02 1.973052223883063339e-01 4.345582237326968411e-02 2.049725140055944778e-04 3.050275797993272642e-01 2.267250951860748098e-01 -9.769724734394186205e-02 -2.811292731952279023e-01 1.648420283031145142e-02
-1.012931768148705725e-01 1.902145399276088111e-02 -2.669159809942765749e-02 -4.055483390549268763e-01 5.024671018798412131e-02 -5.138524699918244343e-01 -6.807424146289374756e-01 5.664618067635954768e-01 2.550445784341072719e-01 1.064829635222756116e-03 5.874678651654889616e-02 6.964947624555462014e-02 -7.263340790407363246e-02 2.157706677754470392e-01 1.423098792721820272e-01 -3.348967439302771160e-02 6.599496048174127716e-02 1.453636381909699793e+00 1.664296280908832415e-01 -1.885286647621521594e-01 -4.159741365648568501e-02
-1.012931768148708500e-01 -2.669159809942767136e-02 1.902145399276050641e-02 -4.055483390549270428e-01 -5.138524699918249894e-01 5.024671018798337885e-02 -6.807424146289376976e-01 2.550445784341075495e-01 5.664618067635951437e-01 5.874678651654877126e-02 1.064829635222835913e-03 -7.263340790407343817e-02 6.964947624555453687e-02 1.423098792721819161e-01 2.157706677754472613e-01 6.599496048174151308e-02 -3.348967439302752425e-02 1.664296280908831305e-01 1.453636381909700237e+00 -4.159741365648565031e-02 -1.885286647621520484e-01
-7.049424280334665172e-02 4.825501045600560923e-03 -1.186050719298534228e-02 -1.726227266266551208e-01 -7.387089938631926644e-01 1.551911625790531983e-02 -6.873304808176591190e-04 -3.196809283119999429e-02 3.834712927451875419e-01 -2.339404664038508830e-01 -4.926250802270685722e-03 4.340528527085302235e-02 1.407611041132645013e+00 4.345582237326979513e-02 1.973052223883062228e-01 3.050275797993274307e-01 2.049725140056159450e-04 -9.769724734394213961e-02 2.267250951860755870e-01 1.648420283031136122e-02 -2.811292731952276802e-01
-4.033782142102043666e-02 1.373104610090495115e+00 5.709515463396958035e-03 1.514722973168438312e-02 -3.122975366206874950e-02 -9.945641705489245005e-03 2.180851443513561957e-02 -4.503877257884153149e-03 -9.305564370997797263e-03 -7.658940283421306061e-01 2.766145892496835353e-03 -2.052917464164832895e-02 1.912655167372230292e-01 -7.104272133388573641e-03 1.360542721573956837e-01 4.450227078186293483e-01 1.550181040494163012e-03 4.349199374024989573e-02 -8.690882208005790144e-02 3.636012852614744530e-05 -2.601980916210426820e-01
5.709515463396757674e-03 1.373104610090497335e+00 -4.033782142102024237e-02 -9.945641705489477458e-03 -3.122975366206710152e-02 1.514722973168572406e-02 -9.305564370999407087e-03 -4.503877257883617119e-03 2.180851443513563345e-02 1.912655167372194487e-01 -7.104272133388375016e-03 1.360542721573951841e-01 -7.658940283421302730e-01 2.766145892496625451e-03 -2.052917464164798200e-02 -8.690882208005679121e-02 3.636012852639963072e-05 -2.601980916210424044e-01 4.450227078186291818e-01 1.550181040494235003e-03 4.349199374024913939e-02
-1.186050719298536830e-02 4.825501045601088279e-03 -7.049424280334630477e-02 1.551911625790556616e-02 -7.387089938631921093e-01 -1.726227266266545102e-01 3.834712927451869313e-01 -3.196809283119955714e-02 -6.873304808172001762e-04 1.407611041132645457e+00 4.345582237326959391e-02 1.973052223883061951e-01 -2.339404664038507164e-01 -4.926250802270790673e-03 4.340528527085284888e-02 2.267250951860748376e-01 1.648420283031151734e-02 -2.811292731952280133e-01 3.050275797993276528e-01 2.049725140055537118e-04 -9.769724734394191756e-02
1.902145399276046131e-02 -2.669159809942766443e-02 -1.012931768148705308e-01 5.024671018798342742e-02 -5.138524699918251004e-01 -4.055483390549270983e-01 5.664618067635958099e-01 2.550445784341074384e-01 -6.807424146289373645e-01 6.964947624555463401e-02 1.423098792721819161e-01 2.157706677754472058e-01 5.874678651654895861e-02 1.064829635222924384e-03 -7.263340790407346592e-02 1.453636381909699793e+00 -4.159741365648558786e-02 -1.885286647621521594e-01 6.599496048174137430e-02 -3.348967439302793364e-02 1.664296280908832415e-01
-2.669159809942747361e-02 1.902145399276055499e-02 -1.012931768148705725e-01 -5.138524699918243233e-01 5.024671018798365640e-02 -4.055483390549270428e-01 2.550445784341074940e-01 5.664618067635958099e-01 -6.807424146289375866e-01 -7.263340790407349368e-02 2.157706677754468449e-01 1.423098792721817774e-01 1.064829635223086580e-03 5.874678651654907657e-02 6.964947624555439809e-02 1.664296280908828529e-01 -1.885286647621521317e-01 -4.159741365648574746e-02 -3.348967439302755200e-02 6.599496048174118001e-02 1.453636381909699571e+00
4.825501045600735263e-03 -1.186050719298530585e-02 -7.049424280334629089e-02 -7.387089938631918873e-01 1.551911625790629128e-02 -1.726227266266548432e-01 -3.196809283119995959e-02 3.834712927451874864e-01 -6.873304808175052707e-04 4.340528527085265459e-02 1.973052223883060841e-01 4.345582237326971187e-02 -4.926250802270692661e-03 -2.339404664038507164e-01 1.407611041132645457e+00 -9.769724734394213961e-02 -2.811292731952277357e-01 1.648420283031158673e-02 2.049725140056901857e-04 3.050275797993273197e-01 2.267250951860751984e-01
1.373104610090496003e+00 5.709515463397063853e-03 -4.033782142101986767e-02 -3.122975366206755948e-02 -9.945641705488408868e-03 1.514722973168541702e-02 -4.503877257883107978e-03 -9.305564370998309007e-03 2.180851443513600468e-02 -2.052917464164809649e-02 1.360542721573955727e-01 -7.104272133388744512e-03 2.766145892496390830e-03 -7.658940283421310502e-01 1.912655167372213083e-01 4.349199374024989573e-02 -2.601980916210424044e-01 3.636012852643099127e-05 1.550181040494256037e-03 4.450227078186293483e-01 -8.690882208005716592e-02
5.709515463397005740e-03 -4.033782142102035340e-02 1.373104610090496669e+00 -9.945641705489303985e-03 1.514722973168587672e-02 -3.122975366206651865e-02 -9.305564370999365453e-03 2.180851443513526222e-02 -4.503877257883148744e-03 -7.104272133388711552e-03 1.912655167372196707e-01 -7.658940283421307171e-01 1.360542721573952396e-01 -2.052917464164842262e-02 2.766145892496396468e-03 3.636012852600411377e-05 -8.690882208005655529e-02 4.450227078186294594e-01 -2.601980916210423489e-01 4.349199374024927123e-02 1.550181040494181661e-03
-1.186050719298519483e-02 -7.049424280334648518e-02 4.825501045600949501e-03 1.551911625790572229e-02 -1.726227266266549543e-01 -7.387089938631918873e-01 3.834712927451868203e-01 -6.873304808174812014e-04 -3.196809283119929346e-02 4.345582237326966329e-02 1.407611041132645457e+00 -2.339404664038509662e-01 1.973052223883062228e-01 4.340528527085256438e-02 -4.926250802270670109e-03 1.648420283031120162e-02 2.267250951860749764e-01 3.050275797993274862e-01 -2.811292731952279578e-01 -9.769724734394193144e-02 2.049725140057221968e-04
1.902145399276055845e-02 -1.012931768148706141e-01 -2.669159809942771300e-02 5.024671018798359395e-02 -4.055483390549273759e-01 -5.138524699918247673e-01 5.664618067635956988e-01 -6.807424146289373645e-01 2.550445784341075495e-01 1.423098792721817218e-01 6.964947624555475891e-02 5.874678651654900025e-02 2.157706677754470392e-01 -7.263340790407364633e-02 1.064829635222932841e-03 -4.159741365648558786e-02 1.453636381909700015e+00 6.599496048174126328e-02 -1.885286647621520206e-01 1.664296280908832137e-01 -3.348967439302766302e-02
-2.669159809942776157e-02 -1.012931768148706418e-01 1.902145399276052723e-02 -5.138524699918247673e-01 -4.055483390549269318e-01 5.024671018798357314e-02 2.550445784341070499e-01 -6.807424146289370315e-01 5.664618067635955878e-01 2.157706677754467894e-01 -7.263340790407366021e-02 1.064829635222911373e-03 1.423098792721817774e-01 6.964947624555459238e-02 5.874678651654920147e-02 -1.885286647621517986e-01 1.664296280908833525e-01 -3.348967439302753119e-02 -4.159741365648561562e-02 1.453636381909700015e+00 6.599496048174099960e-02
4.825501045600644190e-03 -7.049424280334638804e-02 -1.186050719298527116e-02 -7.387089938631918873e-01 -1.726227266266550930e-01 1.551911625790562861e-02 -3.196809283119986245e-02 -6.873304808171483513e-04 3.834712927451872089e-01 1.973052223883061951e-01 4.340528527085257132e-02 -4.926250802270809755e-03 4.345582237326968411e-02 1.407611041132645679e+00 -2.339404664038508830e-01 -2.811292731952279023e-01 -9.769724734394201471e-02 2.049725140056106324e-04 1.648420283031136815e-02 2.267250951860754205e-01 3.050275797993273197e-01
1.373104610090496003e+00 -4.033782142102005502e-02 5.709515463397180947e-03 -3.122975366206726111e-02 1.514722973168526436e-02 -9.945641705488740200e-03 -4.503877257882926699e-03 2.180851443513566468e-02 -9.305564370998288190e-03 1.360542721573957947e-01 -2.052917464164820752e-02 2.766145892496512260e-03 -7.104272133388843391e-03 1.912655167372213361e-01 -7.658940283421309392e-01 -2.601980916210424599e-01 4.349199374024970838e-02 1.550181040494094057e-03 3.636012852642271745e-05 -8.690882208005699938e-02 4.450227078186294039e-01
