1.478830557701235948e+00 0.000000000000000000e+00 0.000000000000000000e+00 -6.666666666666662966e-01 0.000000000000000000e+00 0.000000000000000000e+00 1.878361089654305982e-01 0.000000000000000000e+00 0.000000000000000000e+00
0.000000000000000000e+00 1.478830557701235948e+00 0.000000000000000000e+00 0.000000000000000000e+00 -6.666666666666664076e-01 0.000000000000000000e+00 0.000000000000000000e+00 1.878361089654303484e-01 0.000000000000000000e+00
0.000000000000000000e+00 0.000000000000000000e+00 1.478830557701236170e+00 0.000000000000000000e+00 0.000000000000000000e+00 -6.666666666666667407e-01 0.000000000000000000e+00 0.000000000000000000e+00 1.878361089654303762e-01
1.878361089654304872e-01 -6.666666666666660745e-01 1.478830557701236170e+00 0.000000000000000000e+00 0.000000000000000000e+00 0.000000000000000000e+00 0.000000000000000000e+00 0.000000000000000000e+00 0.000000000000000000e+00
0.000000000000000000e+00 0.000000000000000000e+00 0.000000000000000000e+00 1.878361089654304039e-01 -6.666666666666666297e-01 1.478830557701236170e+00 0.000000000000000000e+00 0.000000000000000000e+00 0.000000000000000000e+00
0.000000000000000000e+00 0.000000000000000000e+00 0.000000000000000000e+00 0.000000000000000000e+00 0.000000000000000000e+00 0.000000000000000000e+00 1.878361089654303762e-01 -6.666666666666671848e-01 1.478830557701236170e+00
1.878361089654302929e-01 0.000000000000000000e+00 0.000000000000000000e+00 -6.666666666666666297e-01 0.000000000000000000e+00 0.000000000000000000e+00 1.478830557701235948e+00 0.000000000000000000e+00 0.000000000000000000e+00
0.000000000000000000e+00 1.878361089654305704e-01 0.000000000000000000e+00 0.000000000000000000e+00 -6.666666666666666297e-01 0.000000000000000000e+00 0.000000000000000000e+00 1.478830557701236170e+00 0.000000000000000000e+00
0.000000000000000000e+00 0.000000000000000000e+00 1.878361089654305704e-01 0.000000000000000000e+00 0.000000000000000000e+00 -6.666666666666666297e-01 0.000000000000000000e+00 0.000000000000000000e+00 1.478830557701236170e+00
1.478830557701236170e+00 -6.666666666666662966e-01 1.878361089654306537e-01 0.000000000000000000e+00 0.000000000000000000e+00 0.000000000000000000e+00 0.000000000000000000e+00 0.000000000000000000e+00 0.000000000000000000e+00
0.000000000000000000e+00 0.000000000000000000e+00 0.000000000000000000e+00 1.478830557701235948e+00 -6.666666666666664076e-01 1.878361089654305149e-01 0.000000000000000000e+00 0.000000000000000000e+00 0.000000000000000000e+00
0.000000000000000000e+00 0.000000000000000000e+00 0.000000000000000000e+00 0.000000000000000000e+00 0.000000000000000000e+00 0.000000000000000000e+00 1.478830557701235948e+00 -6.666666666666667407e-01 1.878361089654301541e-01
