1.936491673103707178e+00 1.032795558988644835e+00 -6.454972243679027999e-01 0.000000000000000000e+00 0.000000000000000000e+00 0.000000000000000000e+00 0.000000000000000000e+00 0.000000000000000000e+00 0.000000000000000000e+00
-1.613743060919756722e+00 1.665334536937734811e-16 1.613743060919756500e+00 0.000000000000000000e+00 0.000000000000000000e+00 0.000000000000000000e+00 0.000000000000000000e+00 0.000000000000000000e+00 0.000000000000000000e+00
6.454972243679029109e-01 -1.032795558988645279e+00 -1.936491673103707400e+00 0.000000000000000000e+00 0.000000000000000000e+00 0.000000000000000000e+00 0.000000000000000000e+00 0.000000000000000000e+00 0.000000000000000000e+00
0.000000000000000000e+00 0.000000000000000000e+00 0.000000000000000000e+00 1.936491673103708955e+00 1.032795558988644613e+00 -6.454972243679030219e-01 0.000000000000000000e+00 0.000000000000000000e+00 0.000000000000000000e+00
0.000000000000000000e+00 0.000000000000000000e+00 0.000000000000000000e+00 -1.613743060919757166e+00 -2.220446049250313081e-16 1.613743060919757166e+00 0.000000000000000000e+00 0.000000000000000000e+00 0.000000000000000000e+00
0.000000000000000000e+00 0.000000000000000000e+00 0.000000000000000000e+00 6.454972243679032440e-01 -1.032795558988644391e+00 -1.936491673103709399e+00 0.000000000000000000e+00 0.000000000000000000e+00 0.000000000000000000e+00
0.000000000000000000e+00 0.000000000000000000e+00 0.000000000000000000e+00 0.000000000000000000e+00 0.000000000000000000e+00 0.000000000000000000e+00 1.936491673103706290e+00 1.032795558988645945e+00 -6.454972243679033550e-01
0.000000000000000000e+00 0.000000000000000000e+00 0.000000000000000000e+00 0.000000000000000000e+00 0.000000000000000000e+00 0.000000000000000000e+00 -1.613743060919756278e+00 -3.330669073875469621e-16 1.613743060919756722e+00
0.000000000000000000e+00 -1.221245327087672194e-15 0.000000000000000000e+00 0.000000000000000000e+00 0.000000000000000000e+00 0.000000000000000000e+00 6.454972243679025778e-01 -1.032795558988645057e+00 -1.936491673103706512e+00
1.936491673103707178e+00 0.000000000000000000e+00 0.000000000000000000e+00 1.032795558988645501e+00 0.000000000000000000e+00 0.000000000000000000e+00 -6.454972243679029109e-01 0.000000000000000000e+00 0.000000000000000000e+00
0.000000000000000000e+00 1.936491673103708511e+00 0.000000000000000000e+00 0.000000000000000000e+00 1.032795558988644613e+00 0.000000000000000000e+00 0.000000000000000000e+00 -6.454972243679035770e-01 0.000000000000000000e+00
0.000000000000000000e+00 0.000000000000000000e+00 1.936491673103705846e+00 0.000000000000000000e+00 0.000000000000000000e+00 1.032795558988645501e+00 0.000000000000000000e+00 0.000000000000000000e+00 -6.454972243679031330e-01
-1.613743060919756722e+00 0.000000000000000000e+00 0.000000000000000000e+00 -2.775557561562891351e-16 0.000000000000000000e+00 0.000000000000000000e+00 1.613743060919756278e+00 0.000000000000000000e+00 0.000000000000000000e+00
0.000000000000000000e+00 -1.613743060919756722e+00 0.000000000000000000e+00 0.000000000000000000e+00 -2.220446049250313081e-16 0.000000000000000000e+00 0.000000000000000000e+00 1.613743060919757166e+00 0.000000000000000000e+00
0.000000000000000000e+00 0.000000000000000000e+00 -1.613743060919756278e+00 0.000000000000000000e+00 0.000000000000000000e+00 1.110223024625156540e-16 0.000000000000000000e+00 0.000000000000000000e+00 1.613743060919756722e+00
6.454972243679031330e-01 0.000000000000000000e+00 0.000000000000000000e+00 -1.032795558988644613e+00 0.000000000000000000e+00 0.000000000000000000e+00 -1.936491673103707178e+00 0.000000000000000000e+00 0.000000000000000000e+00
0.000000000000000000e+00 6.454972243679034660e-01 0.000000000000000000e+00 0.000000000000000000e+00 -1.032795558988643947e+00 0.000000000000000000e+00 0.000000000000000000e+00 -1.936491673103709399e+00 0.000000000000000000e+00
0.000000000000000000e+00 0.000000000000000000e+00 6.454972243679025778e-01 0.000000000000000000e+00 0.000000000000000000e+00 -1.032795558988645279e+00 0.000000000000000000e+00 0.000000000000000000e+00 -1.936491673103706068e+00
