8.000000000000003553e+00 2.442490654175344389e-15 0.000000000000000000e+00 0.000000000000000000e+00 -2.000000000000001776e+00 0.000000000000000000e+00 0.000000000000000000e+00 0.000000000000000000e+00 -2.000000000000001776e+00 0.000000000000000000e+00 0.000000000000000000e+00 0.000000000000000000e+00 8.000000000000005329e+00 1.998401444325281773e-15 -1.110223024625156540e-15 0.000000000000000000e+00
-1.609823385706476984e-15 8.000000000000000000e+00 0.000000000000000000e+00 0.000000000000000000e+00 8.944271909999168546e-01 0.000000000000000000e+00 0.000000000000000000e+00 0.000000000000000000e+00 0.000000000000000000e+00 -2.000000000000000000e+00 0.000000000000000000e+00 0.000000000000000000e+00 -8.944271909999165215e-01 0.000000000000000000e+00 0.000000000000000000e+00 0.000000000000000000e+00
1.165734175856414367e-15 0.000000000000000000e+00 8.000000000000000000e+00 0.000000000000000000e+00 -8.944271909999166326e-01 0.000000000000000000e+00 0.000000000000000000e+00 0.000000000000000000e+00 0.000000000000000000e+00 0.000000000000000000e+00 -2.000000000000000000e+00 0.000000000000000000e+00 8.944271909999166326e-01 0.000000000000000000e+00 0.000000000000000000e+00 0.000000000000000000e+00
0.000000000000000000e+00 0.000000000000000000e+00 1.332267629550187849e-15 8.000000000000001776e+00 8.000000000000005329e+00 1.554312234475219157e-15 0.000000000000000000e+00 -1.110223024625156540e-15 0.000000000000000000e+00 1.110223024625156540e-15 0.000000000000000000e+00 -2.000000000000000444e+00 -2.000000000000001332e+00 0.000000000000000000e+00 1.110223024625156540e-15 0.000000000000000000e+00
-8.944271909999164105e-01 0.000000000000000000e+00 0.000000000000000000e+00 0.000000000000000000e+00 0.000000000000000000e+00 -2.000000000000000000e+00 0.000000000000000000e+00 0.000000000000000000e+00 8.944271909999168546e-01 0.000000000000000000e+00 0.000000000000000000e+00 0.000000000000000000e+00 -1.554312234475219157e-15 7.999999999999999112e+00 0.000000000000000000e+00 0.000000000000000000e+00
0.000000000000000000e+00 -8.944271909999157444e-01 0.000000000000000000e+00 0.000000000000000000e+00 0.000000000000000000e+00 8.944271909999157444e-01 0.000000000000000000e+00 0.000000000000000000e+00 0.000000000000000000e+00 8.944271909999157444e-01 0.000000000000000000e+00 0.000000000000000000e+00 0.000000000000000000e+00 -8.944271909999155223e-01 0.000000000000000000e+00 0.000000000000000000e+00
0.000000000000000000e+00 0.000000000000000000e+00 -8.944271909999159664e-01 0.000000000000000000e+00 0.000000000000000000e+00 -8.944271909999158554e-01 0.000000000000000000e+00 0.000000000000000000e+00 0.000000000000000000e+00 0.000000000000000000e+00 8.944271909999157444e-01 0.000000000000000000e+00 0.000000000000000000e+00 8.944271909999159664e-01 0.000000000000000000e+00 0.000000000000000000e+00
0.000000000000000000e+00 0.000000000000000000e+00 0.000000000000000000e+00 -8.944271909999159664e-01 -1.665334536937734811e-15 7.999999999999999112e+00 -1.110223024625156540e-15 0.000000000000000000e+00 0.000000000000000000e+00 0.000000000000000000e+00 0.000000000000000000e+00 8.944271909999154113e-01 0.000000000000000000e+00 -2.000000000000000000e+00 0.000000000000000000e+00 0.000000000000000000e+00
8.944271909999166326e-01 0.000000000000000000e+00 0.000000000000000000e+00 0.000000000000000000e+00 0.000000000000000000e+00 0.000000000000000000e+00 -2.000000000000000000e+00 0.000000000000000000e+00 -8.944271909999166326e-01 0.000000000000000000e+00 0.000000000000000000e+00 0.000000000000000000e+00 1.332267629550187849e-15 0.000000000000000000e+00 8.000000000000000000e+00 0.000000000000000000e+00
0.000000000000000000e+00 8.944271909999158554e-01 0.000000000000000000e+00 0.000000000000000000e+00 0.000000000000000000e+00 0.000000000000000000e+00 8.944271909999159664e-01 0.000000000000000000e+00 0.000000000000000000e+00 -8.944271909999159664e-01 0.000000000000000000e+00 0.000000000000000000e+00 0.000000000000000000e+00 0.000000000000000000e+00 -8.944271909999157444e-01 0.000000000000000000e+00
0.000000000000000000e+00 0.000000000000000000e+00 8.944271909999159664e-01 0.000000000000000000e+00 0.000000000000000000e+00 0.000000000000000000e+00 -8.944271909999156334e-01 0.000000000000000000e+00 0.000000000000000000e+00 0.000000000000000000e+00 -8.944271909999160775e-01 0.000000000000000000e+00 0.000000000000000000e+00 0.000000000000000000e+00 8.944271909999159664e-01 0.000000000000000000e+00
0.000000000000000000e+00 0.000000000000000000e+00 0.000000000000000000e+00 8.944271909999161885e-01 1.443289932012703503e-15 0.000000000000000000e+00 8.000000000000000000e+00 0.000000000000000000e+00 0.000000000000000000e+00 0.000000000000000000e+00 0.000000000000000000e+00 -8.944271909999159664e-01 0.000000000000000000e+00 0.000000000000000000e+00 -1.999999999999999334e+00 0.000000000000000000e+00
-2.000000000000001332e+00 0.000000000000000000e+00 0.000000000000000000e+00 0.000000000000000000e+00 0.000000000000000000e+00 1.110223024625156540e-15 0.000000000000000000e+00 -2.000000000000000888e+00 8.000000000000005329e+00 1.554312234475219157e-15 0.000000000000000000e+00 -1.221245327087672194e-15 0.000000000000000000e+00 0.000000000000000000e+00 0.000000000000000000e+00 8.000000000000000000e+00
0.000000000000000000e+00 -2.000000000000000444e+00 0.000000000000000000e+00 0.000000000000000000e+00 0.000000000000000000e+00 0.000000000000000000e+00 0.000000000000000000e+00 8.944271909999155223e-01 -1.554312234475219157e-15 7.999999999999999112e+00 -1.221245327087672194e-15 0.000000000000000000e+00 0.000000000000000000e+00 0.000000000000000000e+00 0.000000000000000000e+00 -8.944271909999162995e-01
0.000000000000000000e+00 0.000000000000000000e+00 -1.999999999999999334e+00 0.000000000000000000e+00 0.000000000000000000e+00 0.000000000000000000e+00 0.000000000000000000e+00 -8.944271909999161885e-01 1.221245327087672194e-15 0.000000000000000000e+00 7.999999999999999112e+00 0.000000000000000000e+00 0.000000000000000000e+00 0.000000000000000000e+00 0.000000000000000000e+00 8.944271909999161885e-01
0.000000000000000000e+00 -1.554312234475219157e-15 -1.332267629550187849e-15 -2.000000000000000888e+00 -1.221245327087672194e-15 -2.886579864025407005e-15 -2.886579864025407005e-15 7.999999999999999112e+00 -1.110223024625156540e-15 -3.552713678800500929e-15 -1.332267629550187849e-15 7.999999999999999112e+00 0.000000000000000000e+00 -1.332267629550187849e-15 -1.998401444325281773e-15 -2.000000000000000888e+00
